-2.750191580147540193e+01 -6.697242030358531828e+00 0.000000000000000000e+00 1.044953070997727077e-18 1.007142352172811506e-01 -4.992914105803522969e-05 -1.031671539452273967e+00 0.000000000000000000e+00 1.481748583778548456e+00 -8.519821407167615934e-01 -2.746137525248794247e-15 -5.046429412094288747e-02 0.000000000000000000e+00 5.797122343895303592e-02 -1.002818429871090156e-01 -1.649900873601804193e-20 -1.162566033624219501e-02 0.000000000000000000e+00 4.404775041380905767e-22 -3.073711454053111233e-02 -2.746137525248794247e-15 -5.046429412094288053e-02 0.000000000000000000e+00 -5.797122343895302898e-02 -1.002818429871090156e-01 -4.992914105803522969e-05 -1.031671539452273967e+00 0.000000000000000000e+00 -1.481748583778548456e+00 -8.519821407167615934e-01 -1.705437469962536312e+00 -1.486217468437998346e-01 -2.680510974664454277e-03 -3.626339390783823937e-04 -2.680510974664454277e-03 -1.486217468437998901e-01
-6.697242030358531828e+00 -1.441411459339666301e+01 0.000000000000000000e+00 7.513120918613286143e-18 1.173556381912874480e+00 -1.031665944340703467e+00 -5.414659252745561702e+00 0.000000000000000000e+00 5.139235607361671399e+00 -2.623225436986932113e+00 -5.046403572510071989e-02 -9.390086558017759488e-01 0.000000000000000000e+00 6.864688486094131514e-01 -1.194608590155471495e+00 -1.162566033624219848e-02 -4.025132793893911876e-01 0.000000000000000000e+00 4.302233227955221490e-19 -6.426849030478027913e-01 -5.046403572510071989e-02 -9.390086558017759488e-01 0.000000000000000000e+00 -6.864688486094132625e-01 -1.194608590155471495e+00 -1.031665944340703467e+00 -5.414659252745560813e+00 0.000000000000000000e+00 -5.139235607361670510e+00 -2.623225436986932113e+00 -6.088987558419367119e+00 -1.299534625868870252e+00 -1.015047060920522826e-01 -2.982981419298237277e-02 -1.015047060920522548e-01 -1.299534625868870474e+00
0.000000000000000000e+00 0.000000000000000000e+00 -1.291908691466144177e+01 0.000000000000000000e+00 0.000000000000000000e+00 0.000000000000000000e+00 0.000000000000000000e+00 -2.793864880059185651e+00 0.000000000000000000e+00 0.000000000000000000e+00 0.000000000000000000e+00 0.000000000000000000e+00 -3.408832594269021188e-01 0.000000000000000000e+00 0.000000000000000000e+00 0.000000000000000000e+00 0.000000000000000000e+00 -1.365255512630181300e-01 0.000000000000000000e+00 0.000000000000000000e+00 0.000000000000000000e+00 0.000000000000000000e+00 -3.408832594269020633e-01 0.000000000000000000e+00 0.000000000000000000e+00 0.000000000000000000e+00 0.000000000000000000e+00 -2.793864880059186095e+00 0.000000000000000000e+00 0.000000000000000000e+00 0.000000000000000000e+00 0.000000000000000000e+00 0.000000000000000000e+00 0.000000000000000000e+00 0.000000000000000000e+00 0.000000000000000000e+00
1.044953070997727077e-18 7.513120918613286143e-18 0.000000000000000000e+00 -1.368322437507854872e+01 1.467695118512026359e-17 -1.478721822317094370e+00 -4.841443809330069570e+00 0.000000000000000000e+00 2.908222407785004737e+00 -3.049010451620572937e+00 -5.786274837005522809e-02 -6.913507438307137098e-01 0.000000000000000000e+00 1.757196959304556938e-01 -9.686803908796172147e-01 -7.545769690455950972e-22 4.302233227955221971e-19 0.000000000000000000e+00 -1.590637573085678658e-01 -1.451916381497769326e-18 5.786274837005523503e-02 6.913507438307138209e-01 0.000000000000000000e+00 1.757196959304556938e-01 9.686803908796173257e-01 1.478721822317094370e+00 4.841443809330069570e+00 0.000000000000000000e+00 2.908222407785004737e+00 3.049010451620572493e+00 -9.029736107044648419e-18 -1.602288845187625599e+00 -1.035428855853023217e-01 1.096293237482702128e-19 1.035428855853023217e-01 1.602288845187625599e+00
1.007142352172811506e-01 1.173556381912874480e+00 0.000000000000000000e+00 1.467695118512026359e-17 -1.348723738821877483e+01 8.572061584668961842e-01 3.138982985939886561e+00 0.000000000000000000e+00 -3.676146987789852716e+00 -9.747427958173555673e-01 1.003437671147831695e-01 1.191788280948025358e+00 0.000000000000000000e+00 -9.587428459616968990e-01 1.288464017680131857e+00 3.073711454053111580e-02 6.426849030478029023e-01 0.000000000000000000e+00 2.305900710949493749e-18 9.514868866590215912e-01 1.003437671147831972e-01 1.191788280948025358e+00 0.000000000000000000e+00 9.587428459616967880e-01 1.288464017680131857e+00 8.572061584668961842e-01 3.138982985939886561e+00 0.000000000000000000e+00 3.676146987789852716e+00 -9.747427958173555673e-01 -5.002927751255445976e+00 2.433274595375923555e-01 1.302647843654717863e-01 5.327391359875490590e-02 1.302647843654718141e-01 2.433274595375923555e-01
-4.992914105803522969e-05 -1.031665944340703467e+00 0.000000000000000000e+00 -1.478721822317094370e+00 8.572061584668961842e-01 -2.750174302566479057e+01 -6.697199119357335917e+00 0.000000000000000000e+00 8.723663242981888333e-02 5.035948374208711054e-02 -4.994950289289566703e-05 -1.031726294621548412e+00 0.000000000000000000e+00 3.019373605274663398e-03 -1.709313025344065817e+00 -2.746137525248793852e-15 -5.046403572510071295e-02 0.000000000000000000e+00 -5.786274837005522115e-02 -1.003437671147831695e-01 -1.647088019258416288e-20 -1.162318937098415564e-02 0.000000000000000000e+00 -2.661408340313341919e-02 -1.536528645815536144e-02 -2.742647273153906332e-15 -5.045616968792523971e-02 0.000000000000000000e+00 -1.158155569590758743e-01 6.243834886001138206e-05 -1.486476230599241555e-01 -1.704105987907222675e+00 -1.484689282714402592e-01 -2.685307621045601723e-03 -3.620123903831667543e-04 -2.682988920913672009e-03
-1.031671539452273967e+00 -5.414659252745561702e+00 0.000000000000000000e+00 -4.841443809330069570e+00 3.138982985939886561e+00 -6.697199119357335917e+00 -1.441396513015612513e+01 0.000000000000000000e+00 1.016466055714577710e+00 5.867864667767983544e-01 -1.031726294621548412e+00 -5.414808290865432916e+00 0.000000000000000000e+00 2.978221421059916163e-01 -5.762413142959305290e+00 -5.046429412094290134e-02 -9.390086558017758378e-01 0.000000000000000000e+00 -6.913507438307138209e-01 -1.191788280948025358e+00 -1.162318937098415564e-02 -4.024662012948320156e-01 0.000000000000000000e+00 -5.565257437001198682e-01 -3.213026624458804048e-01 -5.045616968792523971e-02 -9.389250938089924725e-01 0.000000000000000000e+00 -1.377686917942974931e+00 -2.820359416465230504e-03 -1.299794623208496036e+00 -6.086152480401413101e+00 -1.298632786370615744e+00 -1.016189003564172133e-01 -2.979879217835694483e-02 -1.015623304480895855e-01
0.000000000000000000e+00 0.000000000000000000e+00 -2.793864880059185651e+00 0.000000000000000000e+00 0.000000000000000000e+00 0.000000000000000000e+00 0.000000000000000000e+00 -1.291896051042181703e+01 0.000000000000000000e+00 0.000000000000000000e+00 0.000000000000000000e+00 0.000000000000000000e+00 -2.793974894503540085e+00 0.000000000000000000e+00 0.000000000000000000e+00 0.000000000000000000e+00 0.000000000000000000e+00 -3.408832594269021743e-01 0.000000000000000000e+00 0.000000000000000000e+00 0.000000000000000000e+00 0.000000000000000000e+00 -1.365080971741857718e-01 0.000000000000000000e+00 0.000000000000000000e+00 0.000000000000000000e+00 0.000000000000000000e+00 -3.408490875657934627e-01 0.000000000000000000e+00 0.000000000000000000e+00 0.000000000000000000e+00 0.000000000000000000e+00 0.000000000000000000e+00 0.000000000000000000e+00 0.000000000000000000e+00 0.000000000000000000e+00
1.481748583778548456e+00 5.139235607361671399e+00 0.000000000000000000e+00 2.908222407785004737e+00 -3.676146987789852716e+00 8.723663242981888333e-02 1.016466055714577710e+00 0.000000000000000000e+00 -1.353601306218615719e+01 8.485975426443601033e-02 3.019373605274608321e-03 2.978221421059916163e-01 0.000000000000000000e+00 -2.916177577012220912e+00 3.136131872340083837e-01 5.797122343895304980e-02 6.864688486094131514e-01 0.000000000000000000e+00 1.757196959304556938e-01 9.587428459616965659e-01 2.661408340313342266e-02 5.565257437001199792e-01 0.000000000000000000e+00 6.737980275214490167e-01 4.808300122483564754e-01 1.158155569590758882e-01 1.377686917942974709e+00 0.000000000000000000e+00 1.844756749656601746e+00 4.970543717990332129e-03 1.012392360227753585e+00 -4.330348061733646503e+00 -5.896397555011837488e-01 6.109715980141997710e-02 4.608901201536581144e-02 1.646655559083270437e-01
-8.519821407167615934e-01 -2.623225436986932113e+00 0.000000000000000000e+00 -3.049010451620572937e+00 -9.747427958173555673e-01 5.035948374208711054e-02 5.867864667767983544e-01 0.000000000000000000e+00 8.485975426443601033e-02 -1.363412482857945207e+01 1.709313025344066705e+00 5.762413142959305290e+00 0.000000000000000000e+00 -3.136131872340084392e-01 4.849544752293937222e+00 1.002818429871090156e-01 1.194608590155471273e+00 0.000000000000000000e+00 9.686803908796173257e-01 1.288464017680132079e+00 1.536528645815536144e-02 3.213026624458804048e-01 0.000000000000000000e+00 4.808300122483565309e-01 1.185567188335895916e-01 6.243834886001135495e-05 -2.820359416465230504e-03 0.000000000000000000e+00 -4.970543717990339068e-03 -3.806558405503072673e-01 -1.265982239549606314e+00 -2.502415767412007774e+00 1.508587443381733895e+00 1.549693220058509235e-01 2.661523778094495793e-02 -2.458283033542699864e-02
-2.746137525248794247e-15 -5.046403572510071989e-02 0.000000000000000000e+00 -5.786274837005522809e-02 1.003437671147831695e-01 -4.994950289289566703e-05 -1.031726294621548412e+00 0.000000000000000000e+00 3.019373605274608321e-03 1.709313025344066705e+00 -2.750174302566479057e+01 -6.697199119357335029e+00 0.000000000000000000e+00 8.723663242981888333e-02 -5.035948374208711747e-02 -4.992914105803522291e-05 -1.031665944340703467e+00 0.000000000000000000e+00 -1.478721822317094370e+00 -8.572061584668961842e-01 -2.742647273153906332e-15 -5.045616968792523277e-02 0.000000000000000000e+00 -1.158155569590758605e-01 -6.243834886001135495e-05 -1.647088019258416288e-20 -1.162318937098415564e-02 0.000000000000000000e+00 -2.661408340313342266e-02 1.536528645815536144e-02 -2.685307621045601723e-03 -1.484689282714402592e-01 -1.704105987907222897e+00 -1.486476230599241555e-01 -2.682988920913671575e-03 -3.620123903831668085e-04
-5.046429412094288747e-02 -9.390086558017759488e-01 0.000000000000000000e+00 -6.913507438307137098e-01 1.191788280948025358e+00 -1.031726294621548412e+00 -5.414808290865432916e+00 0.000000000000000000e+00 2.978221421059916163e-01 5.762413142959305290e+00 -6.697199119357335029e+00 -1.441396513015612513e+01 0.000000000000000000e+00 1.016466055714577932e+00 -5.867864667767982434e-01 -1.031671539452274189e+00 -5.414659252745559925e+00 0.000000000000000000e+00 -4.841443809330068682e+00 -3.138982985939886117e+00 -5.045616968792523971e-02 -9.389250938089923615e-01 0.000000000000000000e+00 -1.377686917942974931e+00 2.820359416465226601e-03 -1.162318937098415564e-02 -4.024662012948320156e-01 0.000000000000000000e+00 -5.565257437001198682e-01 3.213026624458804048e-01 -1.016189003564172133e-01 -1.298632786370615744e+00 -6.086152480401413101e+00 -1.299794623208496036e+00 -1.015623304480895855e-01 -2.979879217835694483e-02
0.000000000000000000e+00 0.000000000000000000e+00 -3.408832594269021188e-01 0.000000000000000000e+00 0.000000000000000000e+00 0.000000000000000000e+00 0.000000000000000000e+00 -2.793974894503540085e+00 0.000000000000000000e+00 0.000000000000000000e+00 0.000000000000000000e+00 0.000000000000000000e+00 -1.291896051042181526e+01 0.000000000000000000e+00 0.000000000000000000e+00 0.000000000000000000e+00 0.000000000000000000e+00 -2.793864880059185651e+00 0.000000000000000000e+00 0.000000000000000000e+00 0.000000000000000000e+00 0.000000000000000000e+00 -3.408490875657935182e-01 0.000000000000000000e+00 0.000000000000000000e+00 0.000000000000000000e+00 0.000000000000000000e+00 -1.365080971741857718e-01 0.000000000000000000e+00 0.000000000000000000e+00 0.000000000000000000e+00 0.000000000000000000e+00 0.000000000000000000e+00 0.000000000000000000e+00 0.000000000000000000e+00 0.000000000000000000e+00
5.797122343895303592e-02 6.864688486094131514e-01 0.000000000000000000e+00 1.757196959304556938e-01 -9.587428459616968990e-01 3.019373605274663398e-03 2.978221421059916163e-01 0.000000000000000000e+00 -2.916177577012220912e+00 -3.136131872340084392e-01 8.723663242981888333e-02 1.016466055714577932e+00 0.000000000000000000e+00 -1.353601306218615719e+01 -8.485975426443601033e-02 1.481748583778548456e+00 5.139235607361672287e+00 0.000000000000000000e+00 2.908222407785004737e+00 3.676146987789853604e+00 1.158155569590758882e-01 1.377686917942974931e+00 0.000000000000000000e+00 1.844756749656601746e+00 -4.970543717990332129e-03 2.661408340313341919e-02 5.565257437001199792e-01 0.000000000000000000e+00 6.737980275214491277e-01 -4.808300122483564198e-01 6.109715980141997710e-02 -5.896397555011837488e-01 -4.330348061733647391e+00 1.012392360227753585e+00 1.646655559083270437e-01 4.608901201536581144e-02
-1.002818429871090156e-01 -1.194608590155471495e+00 0.000000000000000000e+00 -9.686803908796172147e-01 1.288464017680131857e+00 -1.709313025344065817e+00 -5.762413142959305290e+00 0.000000000000000000e+00 3.136131872340083837e-01 4.849544752293937222e+00 -5.035948374208711747e-02 -5.867864667767982434e-01 0.000000000000000000e+00 -8.485975426443601033e-02 -1.363412482857945207e+01 8.519821407167617044e-01 2.623225436986932557e+00 0.000000000000000000e+00 3.049010451620572937e+00 -9.747427958173552343e-01 -6.243834886001135495e-05 2.820359416465226601e-03 0.000000000000000000e+00 4.970543717990332129e-03 -3.806558405503073228e-01 -1.536528645815535971e-02 -3.213026624458804048e-01 0.000000000000000000e+00 -4.808300122483565309e-01 1.185567188335895777e-01 -1.549693220058509235e-01 -1.508587443381733895e+00 2.502415767412007774e+00 1.265982239549606092e+00 2.458283033542699864e-02 -2.661523778094495446e-02
-1.649900873601804193e-20 -1.162566033624219848e-02 0.000000000000000000e+00 -7.545769690455950972e-22 3.073711454053111580e-02 -2.746137525248793852e-15 -5.046429412094290134e-02 0.000000000000000000e+00 5.797122343895304980e-02 1.002818429871090156e-01 -4.992914105803522291e-05 -1.031671539452274189e+00 0.000000000000000000e+00 1.481748583778548456e+00 8.519821407167617044e-01 -2.750191580147540904e+01 -6.697242030358532716e+00 0.000000000000000000e+00 1.784546512673041242e-18 -1.007142352172811506e-01 -4.992914105803522291e-05 -1.031671539452273967e+00 0.000000000000000000e+00 -1.481748583778548456e+00 8.519821407167617044e-01 -2.746137525248794247e-15 -5.046429412094288747e-02 0.000000000000000000e+00 -5.797122343895302898e-02 1.002818429871090017e-01 -3.626339390783824479e-04 -2.680510974664454277e-03 -1.486217468437998346e-01 -1.705437469962536312e+00 -1.486217468437999178e-01 -2.680510974664454277e-03
-1.162566033624219501e-02 -4.025132793893911876e-01 0.000000000000000000e+00 4.302233227955221971e-19 6.426849030478029023e-01 -5.046403572510071295e-02 -9.390086558017758378e-01 0.000000000000000000e+00 6.864688486094131514e-01 1.194608590155471273e+00 -1.031665944340703467e+00 -5.414659252745559925e+00 0.000000000000000000e+00 5.139235607361672287e+00 2.623225436986932557e+00 -6.697242030358532716e+00 -1.441411459339666301e+01 0.000000000000000000e+00 -7.600618643127511866e-18 -1.173556381912874480e+00 -1.031665944340703467e+00 -5.414659252745560813e+00 0.000000000000000000e+00 -5.139235607361670510e+00 2.623225436986932557e+00 -5.046403572510072683e-02 -9.390086558017759488e-01 0.000000000000000000e+00 -6.864688486094132625e-01 1.194608590155471495e+00 -2.982981419298237277e-02 -1.015047060920522548e-01 -1.299534625868870252e+00 -6.088987558419367119e+00 -1.299534625868870474e+00 -1.015047060920522548e-01
0.000000000000000000e+00 0.000000000000000000e+00 -1.365255512630181300e-01 0.000000000000000000e+00 0.000000000000000000e+00 0.000000000000000000e+00 0.000000000000000000e+00 -3.408832594269021743e-01 0.000000000000000000e+00 0.000000000000000000e+00 0.000000000000000000e+00 0.000000000000000000e+00 -2.793864880059185651e+00 0.000000000000000000e+00 0.000000000000000000e+00 0.000000000000000000e+00 0.000000000000000000e+00 -1.291908691466144354e+01 0.000000000000000000e+00 0.000000000000000000e+00 0.000000000000000000e+00 0.000000000000000000e+00 -2.793864880059186540e+00 0.000000000000000000e+00 0.000000000000000000e+00 0.000000000000000000e+00 0.000000000000000000e+00 -3.408832594269021188e-01 0.000000000000000000e+00 0.000000000000000000e+00 0.000000000000000000e+00 0.000000000000000000e+00 0.000000000000000000e+00 0.000000000000000000e+00 0.000000000000000000e+00 0.000000000000000000e+00
4.404775041380905767e-22 4.302233227955221490e-19 0.000000000000000000e+00 -1.590637573085678658e-01 2.305900710949493749e-18 -5.786274837005522115e-02 -6.913507438307138209e-01 0.000000000000000000e+00 1.757196959304556938e-01 9.686803908796173257e-01 -1.478721822317094370e+00 -4.841443809330068682e+00 0.000000000000000000e+00 2.908222407785004737e+00 3.049010451620572937e+00 1.784546512673041242e-18 -7.600618643127511866e-18 0.000000000000000000e+00 -1.368322437507855227e+01 6.262608867682038019e-20 1.478721822317094148e+00 4.841443809330069570e+00 0.000000000000000000e+00 2.908222407785004737e+00 -3.049010451620572493e+00 5.786274837005522809e-02 6.913507438307138209e-01 0.000000000000000000e+00 1.757196959304557216e-01 -9.686803908796172147e-01 5.326559749226979157e-20 -1.035428855853023078e-01 -1.602288845187625599e+00 -5.461056618262995324e-18 1.602288845187625377e+00 1.035428855853023217e-01
-3.073711454053111233e-02 -6.426849030478027913e-01 0.000000000000000000e+00 -1.451916381497769326e-18 9.514868866590215912e-01 -1.003437671147831695e-01 -1.191788280948025358e+00 0.000000000000000000e+00 9.587428459616965659e-01 1.288464017680132079e+00 -8.572061584668961842e-01 -3.138982985939886117e+00 0.000000000000000000e+00 3.676146987789853604e+00 -9.747427958173552343e-01 -1.007142352172811506e-01 -1.173556381912874480e+00 0.000000000000000000e+00 6.262608867682038019e-20 -1.348723738821877483e+01 -8.572061584668961842e-01 -3.138982985939886117e+00 0.000000000000000000e+00 -3.676146987789852716e+00 -9.747427958173554563e-01 -1.003437671147831972e-01 -1.191788280948025358e+00 0.000000000000000000e+00 -9.587428459616967880e-01 1.288464017680131857e+00 -5.327391359875490590e-02 -1.302647843654718141e-01 -2.433274595375923277e-01 5.002927751255445976e+00 -2.433274595375923277e-01 -1.302647843654717863e-01
-2.746137525248794247e-15 -5.046403572510071989e-02 0.000000000000000000e+00 5.786274837005523503e-02 1.003437671147831972e-01 -1.647088019258416288e-20 -1.162318937098415564e-02 0.000000000000000000e+00 2.661408340313342266e-02 1.536528645815536144e-02 -2.742647273153906332e-15 -5.045616968792523971e-02 0.000000000000000000e+00 1.158155569590758882e-01 -6.243834886001135495e-05 -4.992914105803522291e-05 -1.031665944340703467e+00 0.000000000000000000e+00 1.478721822317094148e+00 -8.572061584668961842e-01 -2.750174302566478346e+01 -6.697199119357334141e+00 0.000000000000000000e+00 -8.723663242981886945e-02 -5.035948374208711747e-02 -4.994950289289566703e-05 -1.031726294621548412e+00 0.000000000000000000e+00 -3.019373605274663398e-03 1.709313025344066039e+00 -2.685307621045601723e-03 -3.620123903831668085e-04 -2.682988920913671575e-03 -1.486476230599241277e-01 -1.704105987907222897e+00 -1.484689282714402592e-01
-5.046429412094288053e-02 -9.390086558017759488e-01 0.000000000000000000e+00 6.913507438307138209e-01 1.191788280948025358e+00 -1.162318937098415564e-02 -4.024662012948320156e-01 0.000000000000000000e+00 5.565257437001199792e-01 3.213026624458804048e-01 -5.045616968792523277e-02 -9.389250938089923615e-01 0.000000000000000000e+00 1.377686917942974931e+00 2.820359416465226601e-03 -1.031671539452273967e+00 -5.414659252745560813e+00 0.000000000000000000e+00 4.841443809330069570e+00 -3.138982985939886117e+00 -6.697199119357334141e+00 -1.441396513015612513e+01 0.000000000000000000e+00 -1.016466055714577710e+00 -5.867864667767983544e-01 -1.031726294621548190e+00 -5.414808290865433804e+00 0.000000000000000000e+00 -2.978221421059916163e-01 5.762413142959303514e+00 -1.016189003564172272e-01 -2.979879217835694136e-02 -1.015623304480895855e-01 -1.299794623208496036e+00 -6.086152480401413101e+00 -1.298632786370615744e+00
0.000000000000000000e+00 0.000000000000000000e+00 -3.408832594269020633e-01 0.000000000000000000e+00 0.000000000000000000e+00 0.000000000000000000e+00 0.000000000000000000e+00 -1.365080971741857718e-01 0.000000000000000000e+00 0.000000000000000000e+00 0.000000000000000000e+00 0.000000000000000000e+00 -3.408490875657935182e-01 0.000000000000000000e+00 0.000000000000000000e+00 0.000000000000000000e+00 0.000000000000000000e+00 -2.793864880059186540e+00 0.000000000000000000e+00 0.000000000000000000e+00 0.000000000000000000e+00 0.000000000000000000e+00 -1.291896051042181526e+01 0.000000000000000000e+00 0.000000000000000000e+00 0.000000000000000000e+00 0.000000000000000000e+00 -2.793974894503539641e+00 0.000000000000000000e+00 0.000000000000000000e+00 0.000000000000000000e+00 0.000000000000000000e+00 0.000000000000000000e+00 0.000000000000000000e+00 0.000000000000000000e+00 0.000000000000000000e+00
-5.797122343895302898e-02 -6.864688486094132625e-01 0.000000000000000000e+00 1.757196959304556938e-01 9.587428459616967880e-01 -2.661408340313341919e-02 -5.565257437001198682e-01 0.000000000000000000e+00 6.737980275214490167e-01 4.808300122483565309e-01 -1.158155569590758605e-01 -1.377686917942974931e+00 0.000000000000000000e+00 1.844756749656601746e+00 4.970543717990332129e-03 -1.481748583778548456e+00 -5.139235607361670510e+00 0.000000000000000000e+00 2.908222407785004737e+00 -3.676146987789852716e+00 -8.723663242981886945e-02 -1.016466055714577710e+00 0.000000000000000000e+00 -1.353601306218615363e+01 8.485975426443601033e-02 -3.019373605274607887e-03 -2.978221421059916163e-01 0.000000000000000000e+00 -2.916177577012220912e+00 3.136131872340084392e-01 -6.109715980141997710e-02 -4.608901201536581144e-02 -1.646655559083270437e-01 -1.012392360227753807e+00 4.330348061733647391e+00 5.896397555011837488e-01
-1.002818429871090156e-01 -1.194608590155471495e+00 0.000000000000000000e+00 9.686803908796173257e-01 1.288464017680131857e+00 -1.536528645815536144e-02 -3.213026624458804048e-01 0.000000000000000000e+00 4.808300122483564754e-01 1.185567188335895916e-01 -6.243834886001135495e-05 2.820359416465226601e-03 0.000000000000000000e+00 -4.970543717990332129e-03 -3.806558405503073228e-01 8.519821407167617044e-01 2.623225436986932557e+00 0.000000000000000000e+00 -3.049010451620572493e+00 -9.747427958173554563e-01 -5.035948374208711747e-02 -5.867864667767983544e-01 0.000000000000000000e+00 8.485975426443601033e-02 -1.363412482857945207e+01 -1.709313025344066705e+00 -5.762413142959305290e+00 0.000000000000000000e+00 -3.136131872340083837e-01 4.849544752293937222e+00 -1.549693220058509235e-01 -2.661523778094495446e-02 2.458283033542699864e-02 1.265982239549606092e+00 2.502415767412008663e+00 -1.508587443381733895e+00
-4.992914105803522969e-05 -1.031665944340703467e+00 0.000000000000000000e+00 1.478721822317094370e+00 8.572061584668961842e-01 -2.742647273153906332e-15 -5.045616968792523971e-02 0.000000000000000000e+00 1.158155569590758882e-01 6.243834886001135495e-05 -1.647088019258416288e-20 -1.162318937098415564e-02 0.000000000000000000e+00 2.661408340313341919e-02 -1.536528645815535971e-02 -2.746137525248794247e-15 -5.046403572510072683e-02 0.000000000000000000e+00 5.786274837005522809e-02 -1.003437671147831972e-01 -4.994950289289566703e-05 -1.031726294621548190e+00 0.000000000000000000e+00 -3.019373605274607887e-03 -1.709313025344066705e+00 -2.750174302566479057e+01 -6.697199119357334141e+00 0.000000000000000000e+00 -8.723663242981888333e-02 5.035948374208712441e-02 -1.486476230599241277e-01 -2.682988920913671575e-03 -3.620123903831668085e-04 -2.685307621045601723e-03 -1.484689282714402592e-01 -1.704105987907222675e+00
-1.031671539452273967e+00 -5.414659252745560813e+00 0.000000000000000000e+00 4.841443809330069570e+00 3.138982985939886561e+00 -5.045616968792523971e-02 -9.389250938089924725e-01 0.000000000000000000e+00 1.377686917942974709e+00 -2.820359416465230504e-03 -1.162318937098415564e-02 -4.024662012948320156e-01 0.000000000000000000e+00 5.565257437001199792e-01 -3.213026624458804048e-01 -5.046429412094288747e-02 -9.390086558017759488e-01 0.000000000000000000e+00 6.913507438307138209e-01 -1.191788280948025358e+00 -1.031726294621548412e+00 -5.414808290865433804e+00 0.000000000000000000e+00 -2.978221421059916163e-01 -5.762413142959305290e+00 -6.697199119357334141e+00 -1.441396513015612513e+01 0.000000000000000000e+00 -1.016466055714577710e+00 5.867864667767983544e-01 -1.299794623208496036e+00 -1.015623304480895855e-01 -2.979879217835694136e-02 -1.016189003564172133e-01 -1.298632786370615966e+00 -6.086152480401413989e+00
0.000000000000000000e+00 0.000000000000000000e+00 -2.793864880059186095e+00 0.000000000000000000e+00 0.000000000000000000e+00 0.000000000000000000e+00 0.000000000000000000e+00 -3.408490875657934627e-01 0.000000000000000000e+00 0.000000000000000000e+00 0.000000000000000000e+00 0.000000000000000000e+00 -1.365080971741857718e-01 0.000000000000000000e+00 0.000000000000000000e+00 0.000000000000000000e+00 0.000000000000000000e+00 -3.408832594269021188e-01 0.000000000000000000e+00 0.000000000000000000e+00 0.000000000000000000e+00 0.000000000000000000e+00 -2.793974894503539641e+00 0.000000000000000000e+00 0.000000000000000000e+00 0.000000000000000000e+00 0.000000000000000000e+00 -1.291896051042181703e+01 0.000000000000000000e+00 0.000000000000000000e+00 0.000000000000000000e+00 0.000000000000000000e+00 0.000000000000000000e+00 0.000000000000000000e+00 0.000000000000000000e+00 0.000000000000000000e+00
-1.481748583778548456e+00 -5.139235607361670510e+00 0.000000000000000000e+00 2.908222407785004737e+00 3.676146987789852716e+00 -1.158155569590758743e-01 -1.377686917942974931e+00 0.000000000000000000e+00 1.844756749656601746e+00 -4.970543717990339068e-03 -2.661408340313342266e-02 -5.565257437001198682e-01 0.000000000000000000e+00 6.737980275214491277e-01 -4.808300122483565309e-01 -5.797122343895302898e-02 -6.864688486094132625e-01 0.000000000000000000e+00 1.757196959304557216e-01 -9.587428459616967880e-01 -3.019373605274663398e-03 -2.978221421059916163e-01 0.000000000000000000e+00 -2.916177577012220912e+00 -3.136131872340083837e-01 -8.723663242981888333e-02 -1.016466055714577710e+00 0.000000000000000000e+00 -1.353601306218615719e+01 -8.485975426443601033e-02 -1.012392360227753585e+00 -1.646655559083270159e-01 -4.608901201536581144e-02 -6.109715980141998404e-02 5.896397555011837488e-01 4.330348061733647391e+00
-8.519821407167615934e-01 -2.623225436986932113e+00 0.000000000000000000e+00 3.049010451620572493e+00 -9.747427958173555673e-01 6.243834886001138206e-05 -2.820359416465230504e-03 0.000000000000000000e+00 4.970543717990332129e-03 -3.806558405503072673e-01 1.536528645815536144e-02 3.213026624458804048e-01 0.000000000000000000e+00 -4.808300122483564198e-01 1.185567188335895777e-01 1.002818429871090017e-01 1.194608590155471495e+00 0.000000000000000000e+00 -9.686803908796172147e-01 1.288464017680131857e+00 1.709313025344066039e+00 5.762413142959303514e+00 0.000000000000000000e+00 3.136131872340084392e-01 4.849544752293937222e+00 5.035948374208712441e-02 5.867864667767983544e-01 0.000000000000000000e+00 -8.485975426443601033e-02 -1.363412482857945207e+01 -1.265982239549606314e+00 -2.458283033542699517e-02 2.661523778094495446e-02 1.549693220058509235e-01 1.508587443381733895e+00 -2.502415767412008663e+00
-1.705437469962536312e+00 -6.088987558419367119e+00 0.000000000000000000e+00 -9.029736107044648419e-18 -5.002927751255445976e+00 -1.486476230599241555e-01 -1.299794623208496036e+00 0.000000000000000000e+00 1.012392360227753585e+00 -1.265982239549606314e+00 -2.685307621045601723e-03 -1.016189003564172133e-01 0.000000000000000000e+00 6.109715980141997710e-02 -1.549693220058509235e-01 -3.626339390783824479e-04 -2.982981419298237277e-02 0.000000000000000000e+00 5.326559749226979157e-20 -5.327391359875490590e-02 -2.685307621045601723e-03 -1.016189003564172272e-01 0.000000000000000000e+00 -6.109715980141997710e-02 -1.549693220058509235e-01 -1.486476230599241277e-01 -1.299794623208496036e+00 0.000000000000000000e+00 -1.012392360227753585e+00 -1.265982239549606314e+00 -9.750420832874606702e+00 -5.721209182598515630e-01 -1.194838779014787723e-02 -1.909740142851513653e-03 -1.194838779014787897e-02 -5.721209182598515630e-01
-1.486217468437998346e-01 -1.299534625868870252e+00 0.000000000000000000e+00 -1.602288845187625599e+00 2.433274595375923555e-01 -1.704105987907222675e+00 -6.086152480401413101e+00 0.000000000000000000e+00 -4.330348061733646503e+00 -2.502415767412007774e+00 -1.484689282714402592e-01 -1.298632786370615744e+00 0.000000000000000000e+00 -5.896397555011837488e-01 -1.508587443381733895e+00 -2.680510974664454277e-03 -1.015047060920522548e-01 0.000000000000000000e+00 -1.035428855853023078e-01 -1.302647843654718141e-01 -3.620123903831668085e-04 -2.979879217835694136e-02 0.000000000000000000e+00 -4.608901201536581144e-02 -2.661523778094495446e-02 -2.682988920913671575e-03 -1.015623304480895855e-01 0.000000000000000000e+00 -1.646655559083270159e-01 -2.458283033542699517e-02 -5.721209182598515630e-01 -9.748882070634151020e+00 -5.709236188847706117e-01 -1.194838779014787897e-02 -1.905647209712847678e-03 -1.195532924529856857e-02
-2.680510974664454277e-03 -1.015047060920522826e-01 0.000000000000000000e+00 -1.035428855853023217e-01 1.302647843654717863e-01 -1.484689282714402592e-01 -1.298632786370615744e+00 0.000000000000000000e+00 -5.896397555011837488e-01 1.508587443381733895e+00 -1.704105987907222897e+00 -6.086152480401413101e+00 0.000000000000000000e+00 -4.330348061733647391e+00 2.502415767412007774e+00 -1.486217468437998346e-01 -1.299534625868870252e+00 0.000000000000000000e+00 -1.602288845187625599e+00 -2.433274595375923277e-01 -2.682988920913671575e-03 -1.015623304480895855e-01 0.000000000000000000e+00 -1.646655559083270437e-01 2.458283033542699864e-02 -3.620123903831668085e-04 -2.979879217835694136e-02 0.000000000000000000e+00 -4.608901201536581144e-02 2.661523778094495446e-02 -1.194838779014787723e-02 -5.709236188847706117e-01 -9.748882070634151020e+00 -5.721209182598513410e-01 -1.195532924529856857e-02 -1.905647209712847678e-03
-3.626339390783823937e-04 -2.982981419298237277e-02 0.000000000000000000e+00 1.096293237482702128e-19 5.327391359875490590e-02 -2.685307621045601723e-03 -1.016189003564172133e-01 0.000000000000000000e+00 6.109715980141997710e-02 1.549693220058509235e-01 -1.486476230599241555e-01 -1.299794623208496036e+00 0.000000000000000000e+00 1.012392360227753585e+00 1.265982239549606092e+00 -1.705437469962536312e+00 -6.088987558419367119e+00 0.000000000000000000e+00 -5.461056618262995324e-18 5.002927751255445976e+00 -1.486476230599241277e-01 -1.299794623208496036e+00 0.000000000000000000e+00 -1.012392360227753807e+00 1.265982239549606092e+00 -2.685307621045601723e-03 -1.016189003564172133e-01 0.000000000000000000e+00 -6.109715980141998404e-02 1.549693220058509235e-01 -1.909740142851513653e-03 -1.194838779014787897e-02 -5.721209182598513410e-01 -9.750420832874606702e+00 -5.721209182598515630e-01 -1.194838779014787897e-02
-2.680510974664454277e-03 -1.015047060920522548e-01 0.000000000000000000e+00 1.035428855853023217e-01 1.302647843654718141e-01 -3.620123903831667543e-04 -2.979879217835694483e-02 0.000000000000000000e+00 4.608901201536581144e-02 2.661523778094495793e-02 -2.682988920913671575e-03 -1.015623304480895855e-01 0.000000000000000000e+00 1.646655559083270437e-01 2.458283033542699864e-02 -1.486217468437999178e-01 -1.299534625868870474e+00 0.000000000000000000e+00 1.602288845187625377e+00 -2.433274595375923277e-01 -1.704105987907222897e+00 -6.086152480401413101e+00 0.000000000000000000e+00 4.330348061733647391e+00 2.502415767412008663e+00 -1.484689282714402592e-01 -1.298632786370615966e+00 0.000000000000000000e+00 5.896397555011837488e-01 1.508587443381733895e+00 -1.194838779014787897e-02 -1.905647209712847678e-03 -1.195532924529856857e-02 -5.721209182598515630e-01 -9.748882070634149244e+00 -5.709236188847705007e-01
-1.486217468437998901e-01 -1.299534625868870474e+00 0.000000000000000000e+00 1.602288845187625599e+00 2.433274595375923555e-01 -2.682988920913672009e-03 -1.015623304480895855e-01 0.000000000000000000e+00 1.646655559083270437e-01 -2.458283033542699864e-02 -3.620123903831668085e-04 -2.979879217835694483e-02 0.000000000000000000e+00 4.608901201536581144e-02 -2.661523778094495446e-02 -2.680510974664454277e-03 -1.015047060920522548e-01 0.000000000000000000e+00 1.035428855853023217e-01 -1.302647843654717863e-01 -1.484689282714402592e-01 -1.298632786370615744e+00 0.000000000000000000e+00 5.896397555011837488e-01 -1.508587443381733895e+00 -1.704105987907222675e+00 -6.086152480401413989e+00 0.000000000000000000e+00 4.330348061733647391e+00 -2.502415767412008663e+00 -5.721209182598515630e-01 -1.195532924529856857e-02 -1.905647209712847678e-03 -1.194838779014787897e-02 -5.709236188847705007e-01 -9.748882070634149244e+00
