6845.49    0    0    0    0    0    0    0    0    0    -0.0187687    -0.0187687    0    0.0187687    0.0187687    0    0    0.0187687    0    0.00938434    -0.468851    -0.095068    -0.095068    -0.164242    -0.0962069    -0.00461632    -0.00461632    -0.0426539    0.0025356    0.00815352    -0.00938434    -0.280153    -0.0025356    0.00938434    0.00938434    -0.181807    -0.0025356    0.00938434    -0.00815352    -0.0630068    
0    6859.9    0    0    0    0    0    0    0    0    -0.0187687    -0.0187687    -0.0187687    0    0    -0.0187687    -0.0187687    0    -0.0187687    0.260379    -0.095068    -0.468851    -0.095068    -0.423425    -0.00461632    -0.0962069    -0.00461632    -0.389311    0.00815352    0.0025356    -0.00938434    -0.10383    -0.00938434    0.0025356    0.00815352    -0.00938434    -0.00938434    0.0025356    -0.00938434    -0.126098    
0    0    6904.59    0    0    0    0    0    0.0187687    0.0187687    0    0    -0.0187687    0    0    0.990616    0    0.0187687    0    1.00938    -0.095068    -0.095068    -0.468851    0.648543    -0.00461632    -0.00461632    -0.0962069    -0.378217    0.00938434    0.00938434    -0.0025356    0.395674    -0.00938434    0.00815352    0.0025356    0.934385    -0.00815352    0.00938434    -0.0025356    1.56605    
0    0    0    20654.2    0    0    0    0    0.0187687    0.0187687    0    0    0    0.0187687    -0.990616    0    -0.00938434    -0.260379    -1.00938    0    -0.164242    -0.423425    0.648543    -0.468851    -0.0426539    -0.389311    -0.378217    0.0215723    -0.261385    -0.0850609    0.395674    -0.377017    -0.181807    0.00938434    -0.0562303    -0.907976    -0.0723911    -0.386477    0.556662    -2.5961    
0    0    0    0    5734.43    0    0    0    0    0    -0.0974159    -0.0974159    0    0.0974159    0.0974159    0    0    0.0974159    0    0.0487079    -0.0962069    -0.00461632    -0.00461632    -0.0426539    -0.292343    0.0256005    0.0256005    -0.381598    0.0169655    0.0506351    -0.0487079    -0.319477    -0.0169655    0.0487079    0.0487079    -1.06684    -0.0169655    0.0487079    -0.0506351    -0.493635    
0    0    0    0    0    5748.84    0    0    0    0    -0.0974159    -0.0974159    -0.0974159    0    0    -0.0487079    -0.0974159    0    -0.0974159    0.203929    -0.00461632    -0.0962069    -0.00461632    -0.389311    0.0256005    -0.292343    0.0256005    -0.00628264    0.0506351    0.0169655    -0.0487079    0.573721    -0.0487079    0.0169655    0.0506351    -0.195399    -0.0487079    0.0169655    -0.0487079    0.896393    
0    0    0    0    0    0    5793.53    0    0.0974159    0.0974159    0    0    -0.0974159    0    0    0.199654    0    0.0974159    0    -0.222061    -0.00461632    -0.00461632    -0.0962069    -0.378217    0.0256005    0.0256005    -0.292343    0.201202    0.0487079    0.0487079    -0.0169655    0.0749375    -0.0487079    0.0506351    0.0169655    0.248362    -0.0506351    0.0487079    -0.0169655    -0.588547    
0    0    0    0    0    0    0    19543.1    0.0974159    0.0974159    0    0    0    0.0487079    -0.199654    0    -0.0487079    -0.203929    0.222061    0    -0.0426539    -0.389311    -0.378217    0.0215723    -0.381598    -0.00628264    0.201202    -0.0675347    -0.222061    0.671137    0.0749375    -0.45815    -1.06684    -0.146691    0.0487079    -1.21421    -0.542343    0.692464    -0.366486    -0.270769    
0    0    0.0187687    0.0187687    0    0    0.0974159    0.0974159    39.2629    0    0    0    0    0.0568732    0    -0.0568732    0    0.0568732    -0.0568732    -0.0217052    0.0025356    0.00815352    0.00938434    -0.261385    0.0169655    0.0506351    0.0487079    -0.222061    -0.368035    -0.0363934    -0.0934016    -0.279014    -0.0319478    0.0284366    0.0229003    -0.199854    -0.0319478    0.0284366    -0.0284366    0.270769    
0    0    0.0187687    0.0187687    0    0    0.0974159    0.0974159    0    53.6651    0    0    -0.0568732    0    0.0568732    0.0217052    -0.0568732    0    0    -0.242332    0.00815352    0.0025356    0.00938434    -0.0850609    0.0506351    0.0169655    0.0487079    0.671137    -0.0363934    -0.368035    -0.0934016    -0.00824503    -0.0284366    0.0319478    0.0284366    -0.470259    -0.0284366    0.0319478    -0.0229003    -0.345854    
-0.0187687    -0.0187687    0    0    -0.0974159    -0.0974159    0    0    0    0    98.3568    0    0    -0.0568732    0    0.0284366    0.0568732    0    0    0.242332    -0.00938434    -0.00938434    -0.0025356    0.395674    -0.0487079    -0.0487079    -0.0169655    0.0749375    -0.0934016    -0.0934016    -0.368035    -0.429711    0.0229003    -0.0284366    -0.0319478    1.64955e-16    0.0284366    -0.0229003    0.0319478    0.333839    
-0.0187687    -0.0187687    0    0    -0.0974159    -0.0974159    0    0    0    0    0    13847.9    0.0568732    -0.0217052    -0.0284366    0    0.0217052    0.242332    -0.242332    0    -0.280153    -0.10383    0.395674    -0.377017    -0.319477    0.573721    0.0749375    -0.45815    -0.279014    -0.00824503    -0.429711    -0.291471    -0.14298    -0.491964    -0.0284366    -0.46257    0.292474    -0.103521    0.0915061    20.7149    
0    -0.0187687    -0.0187687    0    0    -0.0974159    -0.0974159    0    0    -0.0568732    0    0.0568732    13.1577    0    0    0    0    0    0.0568732    0.971563    -0.0025356    -0.00938434    -0.00938434    -0.181807    -0.0169655    -0.0487079    -0.0487079    -1.06684    -0.0319478    -0.0284366    0.0229003    -0.14298    -0.368035    -0.0934016    -0.0934016    -0.1189    0.0319478    -0.0229003    0.0284366    0.729231    
0.0187687    0    0    0.0187687    0.0974159    0    0    0.0487079    0.0568732    0    -0.0568732    -0.0217052    0    27.5599    0    0    0    0    -0.0568732    0.0284366    0.00938434    0.0025356    0.00815352    0.00938434    0.0487079    0.0169655    0.0506351    -0.146691    0.0284366    0.0319478    -0.0284366    -0.491964    -0.0934016    -0.368035    -0.0363934    -0.411376    -0.0229003    0.0319478    -0.0284366    -0.153673    
0.0187687    0    0    -0.990616    0.0974159    0    0    -0.199654    0    0.0568732    0    -0.0284366    0    0    72.2516    0    -0.0568732    0.0568732    0    -0.270769    0.00938434    0.00815352    0.0025356    -0.0562303    0.0487079    0.0506351    0.0169655    0.0487079    0.0229003    0.0284366    -0.0319478    -0.0284366    -0.0934016    -0.0363934    -0.368035    0.395941    -0.0284366    0.0284366    -0.0319478    0.00436609    
0    -0.0187687    0.990616    0    0    -0.0487079    0.199654    0    -0.0568732    0.0217052    0.0284366    0    0    0    0    13821.8    -0.971563    -0.0284366    0.270769    0    -0.181807    -0.00938434    0.934385    -0.907976    -1.06684    -0.195399    0.248362    -1.21421    -0.199854    -0.470259    1.64955e-16    -0.46257    -0.1189    -0.411376    0.395941    -1.46257    -0.242332    -0.182109    0.275135    6.13525    
0    -0.0187687    0    -0.00938434    0    -0.0974159    0    -0.0487079    0    -0.0568732    0.0568732    0.0217052    0    0    -0.0568732    -0.971563    4.64166    0    0    0    -0.0025356    -0.00938434    -0.00815352    -0.0723911    -0.0169655    -0.0487079    -0.0506351    -0.542343    -0.0319478    -0.0284366    0.0284366    0.292474    0.0319478    -0.0229003    -0.0284366    -0.242332    -0.368035    -0.0934016    -0.0363934    0.270769    
0.0187687    0    0.0187687    -0.260379    0.0974159    0    0.0974159    -0.203929    0.0568732    0    0    0.242332    0    0    0.0568732    -0.0284366    0    19.0439    0    0    0.00938434    0.0025356    0.00938434    -0.386477    0.0487079    0.0169655    0.0487079    0.692464    0.0284366    0.0319478    -0.0229003    -0.103521    -0.0229003    0.0319478    0.0284366    -0.182109    -0.0934016    -0.368035    -0.0934016    -2.12916e-16    
0    -0.0187687    0    -1.00938    0    -0.0974159    0    0.222061    -0.0568732    0    0    -0.242332    0.0568732    -0.0568732    0    0.270769    0    0    63.7356    0    -0.00815352    -0.00938434    -0.0025356    0.556662    -0.0506351    -0.0487079    -0.0169655    -0.366486    -0.0284366    -0.0229003    0.0319478    0.0915061    0.0284366    -0.0284366    -0.0319478    0.275135    -0.0363934    -0.0934016    -0.368035    0.479139    
0.00938434    0.260379    1.00938    0    0.0487079    0.203929    -0.222061    0    -0.0217052    -0.242332    0.242332    0    0.971563    0.0284366    -0.270769    0    0    0    0    13813.3    -0.0630068    -0.126098    1.56605    -2.5961    -0.493635    0.896393    -0.588547    -0.270769    0.270769    -0.345854    0.333839    20.7149    0.729231    -0.153673    0.00436609    6.13525    0.270769    -2.12916e-16    0.479139    5.81939    
0.468851    0.095068    0.095068    0.164242    0.0962069    0.00461632    0.00461632    0.0426539    -0.0025356    -0.00815352    0.00938434    0.280153    0.0025356    -0.00938434    -0.00938434    0.181807    0.0025356    -0.00938434    0.00815352    0.0630068    -6845.49    -0    -0    -0    -0    -0    -0    -0    -0    -0    0.0187687    0.0187687    -0    -0.0187687    -0.0187687    -0    -0    -0.0187687    -0    -0.00938434    
0.095068    0.468851    0.095068    0.423425    0.00461632    0.0962069    0.00461632    0.389311    -0.00815352    -0.0025356    0.00938434    0.10383    0.00938434    -0.0025356    -0.00815352    0.00938434    0.00938434    -0.0025356    0.00938434    0.126098    -0    -6859.9    -0    -0    -0    -0    -0    -0    -0    -0    0.0187687    0.0187687    0.0187687    -0    -0    0.0187687    0.0187687    -0    0.0187687    -0.260379    
0.095068    0.095068    0.468851    -0.648543    0.00461632    0.00461632    0.0962069    0.378217    -0.00938434    -0.00938434    0.0025356    -0.395674    0.00938434    -0.00815352    -0.0025356    -0.934385    0.00815352    -0.00938434    0.0025356    -1.56605    -0    -0    -6904.59    -0    -0    -0    -0    -0    -0.0187687    -0.0187687    -0    -0    0.0187687    -0    -0    -0.990616    -0    -0.0187687    -0    -1.00938    
0.164242    0.423425    -0.648543    0.468851    0.0426539    0.389311    0.378217    -0.0215723    0.261385    0.0850609    -0.395674    0.377017    0.181807    -0.00938434    0.0562303    0.907976    0.0723911    0.386477    -0.556662    2.5961    -0    -0    -0    -20654.2    -0    -0    -0    -0    -0.0187687    -0.0187687    -0    -0    -0    -0.0187687    0.990616    -0    0.00938434    0.260379    1.00938    -0    
0.0962069    0.00461632    0.00461632    0.0426539    0.292343    -0.0256005    -0.0256005    0.381598    -0.0169655    -0.0506351    0.0487079    0.319477    0.0169655    -0.0487079    -0.0487079    1.06684    0.0169655    -0.0487079    0.0506351    0.493635    -0    -0    -0    -0    -5734.43    -0    -0    -0    -0    -0    0.0974159    0.0974159    -0    -0.0974159    -0.0974159    -0    -0    -0.0974159    -0    -0.0487079    
0.00461632    0.0962069    0.00461632    0.389311    -0.0256005    0.292343    -0.0256005    0.00628264    -0.0506351    -0.0169655    0.0487079    -0.573721    0.0487079    -0.0169655    -0.0506351    0.195399    0.0487079    -0.0169655    0.0487079    -0.896393    -0    -0    -0    -0    -0    -5748.84    -0    -0    -0    -0    0.0974159    0.0974159    0.0974159    -0    -0    0.0487079    0.0974159    -0    0.0974159    -0.203929    
0.00461632    0.00461632    0.0962069    0.378217    -0.0256005    -0.0256005    0.292343    -0.201202    -0.0487079    -0.0487079    0.0169655    -0.0749375    0.0487079    -0.0506351    -0.0169655    -0.248362    0.0506351    -0.0487079    0.0169655    0.588547    -0    -0    -0    -0    -0    -0    -5793.53    -0    -0.0974159    -0.0974159    -0    -0    0.0974159    -0    -0    -0.199654    -0    -0.0974159    -0    0.222061    
0.0426539    0.389311    0.378217    -0.0215723    0.381598    0.00628264    -0.201202    0.0675347    0.222061    -0.671137    -0.0749375    0.45815    1.06684    0.146691    -0.0487079    1.21421    0.542343    -0.692464    0.366486    0.270769    -0    -0    -0    -0    -0    -0    -0    -19543.1    -0.0974159    -0.0974159    -0    -0    -0    -0.0487079    0.199654    -0    0.0487079    0.203929    -0.222061    -0    
-0.0025356    -0.00815352    -0.00938434    0.261385    -0.0169655    -0.0506351    -0.0487079    0.222061    0.368035    0.0363934    0.0934016    0.279014    0.0319478    -0.0284366    -0.0229003    0.199854    0.0319478    -0.0284366    0.0284366    -0.270769    -0    -0    -0.0187687    -0.0187687    -0    -0    -0.0974159    -0.0974159    -39.2629    -0    -0    -0    -0    -0.0568732    -0    0.0568732    -0    -0.0568732    0.0568732    0.0217052    
-0.00815352    -0.0025356    -0.00938434    0.0850609    -0.0506351    -0.0169655    -0.0487079    -0.671137    0.0363934    0.368035    0.0934016    0.00824503    0.0284366    -0.0319478    -0.0284366    0.470259    0.0284366    -0.0319478    0.0229003    0.345854    -0    -0    -0.0187687    -0.0187687    -0    -0    -0.0974159    -0.0974159    -0    -53.6651    -0    -0    0.0568732    -0    -0.0568732    -0.0217052    0.0568732    -0    -0    0.242332    
0.00938434    0.00938434    0.0025356    -0.395674    0.0487079    0.0487079    0.0169655    -0.0749375    0.0934016    0.0934016    0.368035    0.429711    -0.0229003    0.0284366    0.0319478    -1.64955e-16    -0.0284366    0.0229003    -0.0319478    -0.333839    0.0187687    0.0187687    -0    -0    0.0974159    0.0974159    -0    -0    -0    -0    -98.3568    -0    -0    0.0568732    -0    -0.0284366    -0.0568732    -0    -0    -0.242332    
0.280153    0.10383    -0.395674    0.377017    0.319477    -0.573721    -0.0749375    0.45815    0.279014    0.00824503    0.429711    0.291471    0.14298    0.491964    0.0284366    0.46257    -0.292474    0.103521    -0.0915061    -20.7149    0.0187687    0.0187687    -0    -0    0.0974159    0.0974159    -0    -0    -0    -0    -0    -13847.9    -0.0568732    0.0217052    0.0284366    -0    -0.0217052    -0.242332    0.242332    -0    
0.0025356    0.00938434    0.00938434    0.181807    0.0169655    0.0487079    0.0487079    1.06684    0.0319478    0.0284366    -0.0229003    0.14298    0.368035    0.0934016    0.0934016    0.1189    -0.0319478    0.0229003    -0.0284366    -0.729231    -0    0.0187687    0.0187687    -0    -0    0.0974159    0.0974159    -0    -0    0.0568732    -0    -0.0568732    -13.1577    -0    -0    -0    -0    -0    -0.0568732    -0.971563    
-0.00938434    -0.0025356    -0.00815352    -0.00938434    -0.0487079    -0.0169655    -0.0506351    0.146691    -0.0284366    -0.0319478    0.0284366    0.491964    0.0934016    0.368035    0.0363934    0.411376    0.0229003    -0.0319478    0.0284366    0.153673    -0.0187687    -0    -0    -0.0187687    -0.0974159    -0    -0    -0.0487079    -0.0568732    -0    0.0568732    0.0217052    -0    -27.5599    -0    -0    -0    -0    0.0568732    -0.0284366    
-0.00938434    -0.00815352    -0.0025356    0.0562303    -0.0487079    -0.0506351    -0.0169655    -0.0487079    -0.0229003    -0.0284366    0.0319478    0.0284366    0.0934016    0.0363934    0.368035    -0.395941    0.0284366    -0.0284366    0.0319478    -0.00436609    -0.0187687    -0    -0    0.990616    -0.0974159    -0    -0    0.199654    -0    -0.0568732    -0    0.0284366    -0    -0    -72.2516    -0    0.0568732    -0.0568732    -0    0.270769    
0.181807    0.00938434    -0.934385    0.907976    1.06684    0.195399    -0.248362    1.21421    0.199854    0.470259    -1.64955e-16    0.46257    0.1189    0.411376    -0.395941    1.46257    0.242332    0.182109    -0.275135    -6.13525    -0    0.0187687    -0.990616    -0    -0    0.0487079    -0.199654    -0    0.0568732    -0.0217052    -0.0284366    -0    -0    -0    -0    -13821.8    0.971563    0.0284366    -0.270769    -0    
0.0025356    0.00938434    0.00815352    0.0723911    0.0169655    0.0487079    0.0506351    0.542343    0.0319478    0.0284366    -0.0284366    -0.292474    -0.0319478    0.0229003    0.0284366    0.242332    0.368035    0.0934016    0.0363934    -0.270769    -0    0.0187687    -0    0.00938434    -0    0.0974159    -0    0.0487079    -0    0.0568732    -0.0568732    -0.0217052    -0    -0    0.0568732    0.971563    -4.64166    -0    -0    -0    
-0.00938434    -0.0025356    -0.00938434    0.386477    -0.0487079    -0.0169655    -0.0487079    -0.692464    -0.0284366    -0.0319478    0.0229003    0.103521    0.0229003    -0.0319478    -0.0284366    0.182109    0.0934016    0.368035    0.0934016    2.12916e-16    -0.0187687    -0    -0.0187687    0.260379    -0.0974159    -0    -0.0974159    0.203929    -0.0568732    -0    -0    -0.242332    -0    -0    -0.0568732    0.0284366    -0    -19.0439    -0    -0    
0.00815352    0.00938434    0.0025356    -0.556662    0.0506351    0.0487079    0.0169655    0.366486    0.0284366    0.0229003    -0.0319478    -0.0915061    -0.0284366    0.0284366    0.0319478    -0.275135    0.0363934    0.0934016    0.368035    -0.479139    -0    0.0187687    -0    1.00938    -0    0.0974159    -0    -0.222061    0.0568732    -0    -0    0.242332    -0.0568732    0.0568732    -0    -0.270769    -0    -0    -63.7356    -0    
0.0630068    0.126098    -1.56605    2.5961    0.493635    -0.896393    0.588547    0.270769    -0.270769    0.345854    -0.333839    -20.7149    -0.729231    0.153673    -0.00436609    -6.13525    -0.270769    2.12916e-16    -0.479139    -5.81939    -0.00938434    -0.260379    -1.00938    -0    -0.0487079    -0.203929    0.222061    -0    0.0217052    0.242332    -0.242332    -0    -0.971563    -0.0284366    0.270769    -0    -0    -0    -0    -13813.3    
