20.847    0    0    0    0    0    0    0    0    -0.0227802    -0.524423    -0.153395    -0.103549    -0.0164208    -0.00232937    -0.00695383    0    0    0.00300733    -0.0113901    
0    20.9835    0    0    0    0    0    0    0.0227802    0    -0.153395    -0.524423    -0.0164208    -0.103549    -0.00695383    -0.00232937    0    0    0.0113901    -0.00300733    
0    0    1.87333    0    0    0    0    0    0    -0.132608    -0.103549    -0.0164208    -0.341942    -0.0106931    -0.0127578    -0.0485505    0    0    0.0164709    -0.066304    
0    0    0    2.00976    0    0    0    0    0.132608    0    -0.0164208    -0.103549    -0.0106931    -0.341942    -0.0485505    -0.0127578    0    0    0.066304    -0.0164709    
0    0    0    0    1.22274    0    0    0    0    0.0714945    -0.00232937    -0.00695383    -0.0127578    -0.0485505    -0.430687    -0.0879728    0    0    -0.0367915    0.0357472    
0    0    0    0    0    1.35916    0    0    -0.0714945    0    -0.00695383    -0.00232937    -0.0485505    -0.0127578    -0.0879728    -0.430687    0    0    -0.0357472    0.0367915    
0    0    0    0    0    0    1.05819    0    0    0    0    0    0    0    0    0    -0.459185    -0.120704    0    0    
0    0    0    0    0    0    0    1.19462    0    0    0    0    0    0    0    0    -0.120704    -0.459185    0    0    
0    0.0227802    0    0.132608    0    -0.0714945    0    0    0.996409    0    0.00300733    0.0113901    0.0164709    0.066304    -0.0367915    -0.0357472    0    0    -0.411685    -0.157289    
-0.0227802    0    -0.132608    0    0.0714945    0    0    0    0    1.13283    -0.0113901    -0.00300733    -0.066304    -0.0164709    0.0357472    0.0367915    0    0    -0.157289    -0.411685    
0.524423    0.153395    0.103549    0.0164208    0.00232937    0.00695383    -0    -0    -0.00300733    0.0113901    -20.847    -0    -0    -0    -0    -0    -0    -0    -0    0.0227802    
0.153395    0.524423    0.0164208    0.103549    0.00695383    0.00232937    -0    -0    -0.0113901    0.00300733    -0    -20.9835    -0    -0    -0    -0    -0    -0    -0.0227802    -0    
0.103549    0.0164208    0.341942    0.0106931    0.0127578    0.0485505    -0    -0    -0.0164709    0.066304    -0    -0    -1.87333    -0    -0    -0    -0    -0    -0    0.132608    
0.0164208    0.103549    0.0106931    0.341942    0.0485505    0.0127578    -0    -0    -0.066304    0.0164709    -0    -0    -0    -2.00976    -0    -0    -0    -0    -0.132608    -0    
0.00232937    0.00695383    0.0127578    0.0485505    0.430687    0.0879728    -0    -0    0.0367915    -0.0357472    -0    -0    -0    -0    -1.22274    -0    -0    -0    -0    -0.0714945    
0.00695383    0.00232937    0.0485505    0.0127578    0.0879728    0.430687    -0    -0    0.0357472    -0.0367915    -0    -0    -0    -0    -0    -1.35916    -0    -0    0.0714945    -0    
-0    -0    -0    -0    -0    -0    0.459185    0.120704    -0    -0    -0    -0    -0    -0    -0    -0    -1.05819    -0    -0    -0    
-0    -0    -0    -0    -0    -0    0.120704    0.459185    -0    -0    -0    -0    -0    -0    -0    -0    -0    -1.19462    -0    -0    
-0.00300733    -0.0113901    -0.0164709    -0.066304    0.0367915    0.0357472    -0    -0    0.411685    0.157289    -0    -0.0227802    -0    -0.132608    -0    0.0714945    -0    -0    -0.996409    -0    
0.0113901    0.00300733    0.066304    0.0164709    -0.0357472    -0.0367915    -0    -0    0.157289    0.411685    0.0227802    -0    0.132608    -0    -0.0714945    -0    -0    -0    -0    -1.13283    
