2.24103e+51    0    0    0    0    0    -0.000388258    0.000674099    0    -1.71169    0    -0.000684544    0.00118372    0    -1.51736    0    0    0    1.71121e-05    -1.61571    0    0    0    -0.119846    0.93997    -0.33837    -0.0815714    0.0168199    0    1.1318    -0.0805252    -0.0193659    0.0039276    0    -1.61648    -0.0051711    -0.00122549    0.000482287    -0.241137    -0.293405    0    0    0    1.88107e-05    -0.0366475    0    0    0    -0.119846    0.935147    
0    2.40289e+51    0    0    0    0.000388258    0    0.00079134    0    202.648    0.000684544    0    0.000726146    0    384.305    0    0    0    0.00245295    980.855    0    0    0    1    -0.40812    -0.0815714    -0.292648    0.119913    0    -0.00667462    -0.0189776    -0.0632531    0.0183152    0    0.000775063    -0.00054095    -0.000592663    -0.00151817    0    0.0254859    0    0    0    0.00255844    0.12214    0    0    0    1    -0.0194293    
0    0    2.48386e+51    0    0    -0.000674099    -0.00079134    0    0    0.518898    -0.00118372    -0.000726146    0    0    -2.30209e-17    0    0    0    1.00017    0    0    0    0    0    -0.0044069    0.0168199    0.119913    -0.354125    1.33515e-16    9.34181e+49    0.0032535    0.0175239    -0.0666678    6.61714e-17    1.09377e+50    -0.000701435    -0.00224432    0.00147754    0.398078    -1.49624e+50    0    0    0    1.57989    -1.24281e+50    0    0    0    -0.0658748    1.09377e+50    
0    0    0    2.94989e+51    0    0    0    0    0    0.224142    0    0    0    0    0.398877    -1.71121e-05    -0.00245295    -1.00017    0    0    0.119846    -1    0    0    0    0    0    1.33515e-16    0.250161    -2.20606e+50    0    0    6.61714e-17    0.209534    -3.0661e+49    -0.241137    0    0.398078    1.12953e-05    -3.34685e+50    1.69859e-06    0.000105496    0.579715    -0.544574    -6.9739e+48    0    -2.7558e-18    -0.0658748    -0.307532    9.01975e+48    
0    0    0    0    4.40489e+51    1.71169    -202.648    -0.518898    -0.224142    0    1.51736    -384.305    2.30209e-17    -0.398877    0    1.61571    -980.855    0    0    0    -0.93997    0.40812    0.0044069    0    0    1.1318    -0.00667462    9.34181e+49    -2.20606e+50    -0.298773    0.0952079    -202.647    1.09377e+50    -3.0661e+49    0.11575    1.22396    -384.28    -1.49624e+50    -3.34685e+50    -0.0144581    1.57906    -980.733    -1.24281e+50    -6.9739e+48    0.343951    -0.0048232    0.388691    1.09377e+50    9.01975e+48    0.185538    
0    0.000388258    -0.000674099    0    1.71169    1.08012e+51    0    0    0    0    0    -0.00422965    0.00683243    0    1.75869e-16    0    0    0    0.00171716    2.44343e-16    0    0    0    0    -0.201998    -0.0805252    -0.0189776    0.0032535    0    0.0952079    -0.337527    -0.0771399    0.0100259    -1    -0.612659    -0.0633022    -0.0125394    0.00209881    0    0.0420309    0    0    0    -0.0261666    0.0160139    0    0    0    0    0.124705    
-0.000388258    0    -0.00079134    0    -202.648    0    1.24198e+51    0    0    0    0.00422965    0    0.00326436    0    0.759941    0    0    0    -0.00447845    0.584409    0    0    0    0    0.0207236    -0.0193659    -0.0632531    0.0175239    0    -202.647    -0.0771399    -0.240474    0.0376175    0    0.0198059    -0.00830977    -0.0117432    -0.0135973    -1    0.339492    0    0    0    0.224142    0.00652076    0    0    0    1.92538e-17    0.203751    
0.000674099    0.00079134    0    0    -0.518898    0    0    1.32295e+51    0    0    -0.00683243    -0.00326436    0    0    -1.99357e-17    0    0    0    0.244853    1.92538e-17    0    0    0    0    -0.0322992    0.0039276    0.0183152    -0.0666678    6.61714e-17    1.09377e+50    0.0100259    0.0376175    -0.224036    -0.584409    1.00495e+50    -0.00473362    -0.0168616    0.00407007    0.716963    -1.03874e+49    0    0    0    0.23799    2.5727e+50    0    0    0    0.321995    -2.34251e+48    
0    0    0    0    -0.224142    0    0    0    1.78898e+51    0    0    0    0    0    -0.878438    -0.00171716    0.00447845    -0.244853    0    2.22845e-16    0    0    0    0    0.909979    0    0    6.61714e-17    0.209534    -3.0661e+49    -1    0    -0.584409    -0.201689    9.72856e+49    0    -1    0.716963    0.0013186    1.09048e+50    -0.0278837    0.228621    -0.00686351    -0.361863    -1.24281e+50    0    1.92538e-17    0.321995    -0.514468    -3.91359e+49    
-1.71169    202.648    0.518898    0.224142    0    0    0    0    0    3.24398e+51    -1.75869e-16    -0.759941    1.99357e-17    0.878438    0    -2.44343e-16    -0.584409    -1.92538e-17    -2.22845e-16    0    0.201998    -0.0207236    0.0322992    -0.909979    0    -1.61648    0.000775063    1.09377e+50    -3.0661e+49    0.11575    -0.612659    0.0198059    1.00495e+50    9.72856e+49    0.133945    0.0420309    -0.420449    -1.03874e+49    1.09048e+50    1.49858    0.0160139    -0.577888    2.5727e+50    -1.24281e+50    -0.621442    0.326703    0.183028    -2.34251e+48    -3.91359e+49    -0.0202968    
0    0.000684544    -0.00118372    0    1.51736    0    0.00422965    -0.00683243    0    -1.75869e-16    7.52735e+50    0    0    0    0    0    0    0    0.00294938    0.321995    0    0    0    0    -0.377494    -0.0051711    -0.00054095    -0.000701435    -0.241137    1.22396    -0.0633022    -0.00830977    -0.00473362    0    0.0420309    -0.353698    -0.0807981    0.0123315    0    -0.0253893    0    0    0    -0.269144    0.0220933    0    0    0    -0.241137    -1.15146    
-0.000684544    0    -0.000726146    0    -384.305    -0.00422965    0    -0.00326436    0    -0.759941    0    9.14593e+50    0    0    0    0    0    0    -0.00217589    1.23462e-18    0    0    0    0    0.00833381    -0.00122549    -0.000592663    -0.00224432    0    -384.28    -0.0125394    -0.0117432    -0.0168616    -1    -0.420449    -0.0807981    -0.275067    0.0890628    0    -1.52135    0    0    0    -0.680445    0.0113157    0    0    0    -0.124305    0.070536    
0.00118372    0.000726146    0    0    2.30209e-17    0.00683243    0.00326436    0    0    1.99357e-17    0    0    9.95564e+50    0    0    0    0    0    0.00317265    -0.518898    0    0    0    0    -0.0111589    0.000482287    -0.00151817    0.00147754    0.398078    -1.49624e+50    0.00209881    -0.0135973    0.00407007    0.716963    -1.03874e+49    0.0123315    0.0890628    -0.309856    -0.183695    5.71675e+49    0    0    0    3.59011e-16    8.8875e+50    0    0    0    2.30209e-17    -1.02677e+50    
0    0    0    0    -0.398877    0    0    0    0    0.878438    0    0    0    1.4616e+51    0    -0.00294938    0.00217589    -0.00317265    0    0    0    0    0    0    -0.518898    -0.241137    0    0.398078    1.12953e-05    -3.34685e+50    0    -1    0.716963    0.0013186    1.09048e+50    0    0    -0.183695    -0.650146    -9.39621e+47    -0.272094    -0.678269    -0.00317265    0.23799    3.86576e+49    -0.241137    -0.124305    2.30209e-17    -0.178191    -3.34685e+50    
-1.51736    384.305    -2.30209e-17    0.398877    0    1.75869e-16    0.759941    -1.99357e-17    -0.878438    0    0    0    0    0    2.9166e+51    -0.321995    -1.23462e-18    0.518898    -0    0    0.377494    -0.00833381    0.0111589    0.518898    0    -0.293405    0.0254859    -1.49624e+50    -3.34685e+50    -0.0144581    0.0420309    0.339492    -1.03874e+49    1.09048e+50    1.49858    -0.0253893    -1.52135    5.71675e+49    -9.39621e+47    -0.11465    -0.299902    0.0113157    8.8875e+50    3.86576e+49    -0.460054    -0.773967    0.0622022    -1.02677e+50    -3.34685e+50    0.0301634    
0    0    0    -1.71121e-05    1.61571    0    0    0    -0.00171716    -2.44343e-16    0    0    0    -0.00294938    -0.321995    3.34439e+50    0    0    0    0    0    0    0    0    0    0    0    0    1.69859e-06    1.57906    0    0    0    -0.0278837    0.0160139    0    0    0    -0.272094    -0.299902    -0.329373    -0.079093    0.0150144    -0.09827    -0.0140607    0    0    0    -1    -0.0188634    
0    0    0    -0.00245295    -980.855    0    0    0    0.00447845    -0.584409    0    0    0    0.00217589    -1.23462e-18    0    4.96297e+50    0    0    0    0    0    0    0    0    0    0    0    0.000105496    -980.733    0    0    0    0.228621    -0.577888    0    0    0    -0.678269    0.0113157    -0.079093    -0.276891    0.0970676    -0.173316    -0.017383    0    0    0    0.404783    0.0261346    
0    0    0    -1.00017    0    0    0    0    -0.244853    -1.92538e-17    0    0    0    -0.00317265    0.518898    0    0    5.77268e+50    0    0    0    0    0    0    0    0    0    0    0.579715    -1.24281e+50    0    0    0    -0.00686351    2.5727e+50    0    0    0    -0.00317265    8.8875e+50    0.0150144    0.0970676    -0.316095    -0.089045    7.76735e+50    0    0    0    0    2.16455e+50    
1.71121e-05    0.00245295    1.00017    0    0    0.00171716    -0.00447845    0.244853    0    -2.22845e-16    0.00294938    -0.00217589    0.00317265    0    -0    0    0    0    1.0433e+51    0    0    0    0    0    0.00830472    1.88107e-05    0.00255844    1.57989    -0.544574    -6.9739e+48    -0.0261666    0.224142    0.23799    -0.361863    -1.24281e+50    -0.269144    -0.680445    3.59011e-16    0.23799    3.86576e+49    -0.09827    -0.173316    -0.089045    1    1.72105e+50    -1    0.404783    0    0.028941    -3.3389e+50    
-1.61571    980.855    0    0    0    2.44343e-16    0.584409    1.92538e-17    2.22845e-16    0    0.321995    1.23462e-18    -0.518898    0    0    0    0    0    0    2.4983e+51    0    0    0    -0.00830472    0    -0.0366475    0.12214    -1.24281e+50    -6.9739e+48    0.343951    0.0160139    0.00652076    2.5727e+50    -1.24281e+50    -0.621442    0.0220933    0.0113157    8.8875e+50    3.86576e+49    -0.460054    -0.0140607    -0.017383    7.76735e+50    1.72105e+50    0.483431    -0.0188634    0.0261346    2.16455e+50    -3.3389e+50    0.784269    
0    0    0    0.119846    -0.93997    0    0    0    0    0.201998    0    0    0    0    0.377494    0    0    0    0    0    5.41898e+49    0    0    0    0    0    0    0    0    -0.0048232    0    0    0    0    0.326703    0    0    0    -0.241137    -0.773967    0    0    0    -1    -0.0188634    -0.329373    -0.079093    0.0150144    0    0.00784818    
0    0    0    -1    0.40812    0    0    0    0    -0.0207236    0    0    0    0    -0.00833381    0    0    0    0    0    0    2.16048e+50    0    0    0    0    0    0    -2.7558e-18    0.388691    0    0    0    1.92538e-17    0.183028    0    0    0    -0.124305    0.0622022    0    0    0    0.404783    0.0261346    -0.079093    -0.276891    0.0970676    -0.526703    -0.0218433    
0    0    0    0    0.0044069    0    0    0    0    0.0322992    0    0    0    0    0.0111589    0    0    0    0    0    0    0    2.97018e+50    0    0    0    0    0    -0.0658748    1.09377e+50    0    0    0    0.321995    -2.34251e+48    0    0    0    2.30209e-17    -1.02677e+50    0    0    0    0    2.16455e+50    0.0150144    0.0970676    -0.316095    0.505886    5.49445e+49    
-0.119846    1    0    0    0    0    0    0    0    -0.909979    0    0    0    0    0.518898    0    0    0    0    -0.00830472    0    0    0    7.6305e+50    0    -0.119846    1    -0.0658748    -0.307532    9.01975e+48    0    1.92538e-17    0.321995    -0.514468    -3.91359e+49    -0.241137    -0.124305    2.30209e-17    -0.178191    -3.34685e+50    -1    0.404783    0    0.028941    -3.3389e+50    0    -0.526703    0.505886    0.0494077    6.73505e+49    
0.93997    -0.40812    -0.0044069    0    0    -0.201998    0.0207236    -0.0322992    0.909979    0    -0.377494    0.00833381    -0.0111589    -0.518898    0    0    0    0    0.00830472    0    0    0    0    0    2.21805e+51    0.935147    -0.0194293    1.09377e+50    9.01975e+48    0.185538    0.124705    0.203751    -2.34251e+48    -3.91359e+49    -0.0202968    -1.15146    0.070536    -1.02677e+50    -3.34685e+50    0.0301634    -0.0188634    0.0261346    2.16455e+50    -3.3389e+50    0.784269    0.00784818    -0.0218433    5.49445e+49    6.73505e+49    0.0480075    
0.33837    0.0815714    -0.0168199    -0    -1.1318    0.0805252    0.0193659    -0.0039276    -0    1.61648    0.0051711    0.00122549    -0.000482287    0.241137    0.293405    -0    -0    -0    -1.88107e-05    0.0366475    -0    -0    -0    0.119846    -0.935147    -2.24103e+51    -0    -0    -0    -0    -0    0.000388258    -0.000674099    -0    1.71169    -0    0.000684544    -0.00118372    -0    1.51736    -0    -0    -0    -1.71121e-05    1.61571    -0    -0    -0    0.119846    -0.93997    
0.0815714    0.292648    -0.119913    -0    0.00667462    0.0189776    0.0632531    -0.0183152    -0    -0.000775063    0.00054095    0.000592663    0.00151817    -0    -0.0254859    -0    -0    -0    -0.00255844    -0.12214    -0    -0    -0    -1    0.0194293    -0    -2.40289e+51    -0    -0    -0    -0.000388258    -0    -0.00079134    -0    -202.648    -0.000684544    -0    -0.000726146    -0    -384.305    -0    -0    -0    -0.00245295    -980.855    -0    -0    -0    -1    0.40812    
-0.0168199    -0.119913    0.354125    -1.33515e-16    -9.34181e+49    -0.0032535    -0.0175239    0.0666678    -6.61714e-17    -1.09377e+50    0.000701435    0.00224432    -0.00147754    -0.398078    1.49624e+50    -0    -0    -0    -1.57989    1.24281e+50    -0    -0    -0    0.0658748    -1.09377e+50    -0    -0    -2.48386e+51    -0    -0    0.000674099    0.00079134    -0    -0    -0.518898    0.00118372    0.000726146    -0    -0    2.30209e-17    -0    -0    -0    -1.00017    -0    -0    -0    -0    -0    0.0044069    
-0    -0    -1.33515e-16    -0.250161    2.20606e+50    -0    -0    -6.61714e-17    -0.209534    3.0661e+49    0.241137    -0    -0.398078    -1.12953e-05    3.34685e+50    -1.69859e-06    -0.000105496    -0.579715    0.544574    6.9739e+48    -0    2.7558e-18    0.0658748    0.307532    -9.01975e+48    -0    -0    -0    -2.94989e+51    -0    -0    -0    -0    -0    -0.224142    -0    -0    -0    -0    -0.398877    1.71121e-05    0.00245295    1.00017    -0    -0    -0.119846    1    -0    -0    -0    
-1.1318    0.00667462    -9.34181e+49    2.20606e+50    0.298773    -0.0952079    202.647    -1.09377e+50    3.0661e+49    -0.11575    -1.22396    384.28    1.49624e+50    3.34685e+50    0.0144581    -1.57906    980.733    1.24281e+50    6.9739e+48    -0.343951    0.0048232    -0.388691    -1.09377e+50    -9.01975e+48    -0.185538    -0    -0    -0    -0    -4.40489e+51    -1.71169    202.648    0.518898    0.224142    -0    -1.51736    384.305    -2.30209e-17    0.398877    -0    -1.61571    980.855    -0    -0    -0    0.93997    -0.40812    -0.0044069    -0    -0    
0.0805252    0.0189776    -0.0032535    -0    -0.0952079    0.337527    0.0771399    -0.0100259    1    0.612659    0.0633022    0.0125394    -0.00209881    -0    -0.0420309    -0    -0    -0    0.0261666    -0.0160139    -0    -0    -0    -0    -0.124705    -0    -0.000388258    0.000674099    -0    -1.71169    -1.08012e+51    -0    -0    -0    -0    -0    0.00422965    -0.00683243    -0    -1.75869e-16    -0    -0    -0    -0.00171716    -2.44343e-16    -0    -0    -0    -0    0.201998    
0.0193659    0.0632531    -0.0175239    -0    202.647    0.0771399    0.240474    -0.0376175    -0    -0.0198059    0.00830977    0.0117432    0.0135973    1    -0.339492    -0    -0    -0    -0.224142    -0.00652076    -0    -0    -0    -1.92538e-17    -0.203751    0.000388258    -0    0.00079134    -0    202.648    -0    -1.24198e+51    -0    -0    -0    -0.00422965    -0    -0.00326436    -0    -0.759941    -0    -0    -0    0.00447845    -0.584409    -0    -0    -0    -0    -0.0207236    
-0.0039276    -0.0183152    0.0666678    -6.61714e-17    -1.09377e+50    -0.0100259    -0.0376175    0.224036    0.584409    -1.00495e+50    0.00473362    0.0168616    -0.00407007    -0.716963    1.03874e+49    -0    -0    -0    -0.23799    -2.5727e+50    -0    -0    -0    -0.321995    2.34251e+48    -0.000674099    -0.00079134    -0    -0    0.518898    -0    -0    -1.32295e+51    -0    -0    0.00683243    0.00326436    -0    -0    1.99357e-17    -0    -0    -0    -0.244853    -1.92538e-17    -0    -0    -0    -0    0.0322992    
-0    -0    -6.61714e-17    -0.209534    3.0661e+49    1    -0    0.584409    0.201689    -9.72856e+49    -0    1    -0.716963    -0.0013186    -1.09048e+50    0.0278837    -0.228621    0.00686351    0.361863    1.24281e+50    -0    -1.92538e-17    -0.321995    0.514468    3.91359e+49    -0    -0    -0    -0    0.224142    -0    -0    -0    -1.78898e+51    -0    -0    -0    -0    -0    0.878438    0.00171716    -0.00447845    0.244853    -0    -2.22845e-16    -0    -0    -0    -0    -0.909979    
1.61648    -0.000775063    -1.09377e+50    3.0661e+49    -0.11575    0.612659    -0.0198059    -1.00495e+50    -9.72856e+49    -0.133945    -0.0420309    0.420449    1.03874e+49    -1.09048e+50    -1.49858    -0.0160139    0.577888    -2.5727e+50    1.24281e+50    0.621442    -0.326703    -0.183028    2.34251e+48    3.91359e+49    0.0202968    1.71169    -202.648    -0.518898    -0.224142    -0    -0    -0    -0    -0    -3.24398e+51    1.75869e-16    0.759941    -1.99357e-17    -0.878438    -0    2.44343e-16    0.584409    1.92538e-17    2.22845e-16    -0    -0.201998    0.0207236    -0.0322992    0.909979    -0    
0.0051711    0.00054095    0.000701435    0.241137    -1.22396    0.0633022    0.00830977    0.00473362    -0    -0.0420309    0.353698    0.0807981    -0.0123315    -0    0.0253893    -0    -0    -0    0.269144    -0.0220933    -0    -0    -0    0.241137    1.15146    -0    -0.000684544    0.00118372    -0    -1.51736    -0    -0.00422965    0.00683243    -0    1.75869e-16    -7.52735e+50    -0    -0    -0    -0    -0    -0    -0    -0.00294938    -0.321995    -0    -0    -0    -0    0.377494    
0.00122549    0.000592663    0.00224432    -0    384.28    0.0125394    0.0117432    0.0168616    1    0.420449    0.0807981    0.275067    -0.0890628    -0    1.52135    -0    -0    -0    0.680445    -0.0113157    -0    -0    -0    0.124305    -0.070536    0.000684544    -0    0.000726146    -0    384.305    0.00422965    -0    0.00326436    -0    0.759941    -0    -9.14593e+50    -0    -0    -0    -0    -0    -0    0.00217589    -1.23462e-18    -0    -0    -0    -0    -0.00833381    
-0.000482287    0.00151817    -0.00147754    -0.398078    1.49624e+50    -0.00209881    0.0135973    -0.00407007    -0.716963    1.03874e+49    -0.0123315    -0.0890628    0.309856    0.183695    -5.71675e+49    -0    -0    -0    -3.59011e-16    -8.8875e+50    -0    -0    -0    -2.30209e-17    1.02677e+50    -0.00118372    -0.000726146    -0    -0    -2.30209e-17    -0.00683243    -0.00326436    -0    -0    -1.99357e-17    -0    -0    -9.95564e+50    -0    -0    -0    -0    -0    -0.00317265    0.518898    -0    -0    -0    -0    0.0111589    
0.241137    -0    -0.398078    -1.12953e-05    3.34685e+50    -0    1    -0.716963    -0.0013186    -1.09048e+50    -0    -0    0.183695    0.650146    9.39621e+47    0.272094    0.678269    0.00317265    -0.23799    -3.86576e+49    0.241137    0.124305    -2.30209e-17    0.178191    3.34685e+50    -0    -0    -0    -0    0.398877    -0    -0    -0    -0    -0.878438    -0    -0    -0    -1.4616e+51    -0    0.00294938    -0.00217589    0.00317265    -0    -0    -0    -0    -0    -0    0.518898    
0.293405    -0.0254859    1.49624e+50    3.34685e+50    0.0144581    -0.0420309    -0.339492    1.03874e+49    -1.09048e+50    -1.49858    0.0253893    1.52135    -5.71675e+49    9.39621e+47    0.11465    0.299902    -0.0113157    -8.8875e+50    -3.86576e+49    0.460054    0.773967    -0.0622022    1.02677e+50    3.34685e+50    -0.0301634    1.51736    -384.305    2.30209e-17    -0.398877    -0    -1.75869e-16    -0.759941    1.99357e-17    0.878438    -0    -0    -0    -0    -0    -2.9166e+51    0.321995    1.23462e-18    -0.518898    0    -0    -0.377494    0.00833381    -0.0111589    -0.518898    -0    
-0    -0    -0    -1.69859e-06    -1.57906    -0    -0    -0    0.0278837    -0.0160139    -0    -0    -0    0.272094    0.299902    0.329373    0.079093    -0.0150144    0.09827    0.0140607    -0    -0    -0    1    0.0188634    -0    -0    -0    1.71121e-05    -1.61571    -0    -0    -0    0.00171716    2.44343e-16    -0    -0    -0    0.00294938    0.321995    -3.34439e+50    -0    -0    -0    -0    -0    -0    -0    -0    -0    
-0    -0    -0    -0.000105496    980.733    -0    -0    -0    -0.228621    0.577888    -0    -0    -0    0.678269    -0.0113157    0.079093    0.276891    -0.0970676    0.173316    0.017383    -0    -0    -0    -0.404783    -0.0261346    -0    -0    -0    0.00245295    980.855    -0    -0    -0    -0.00447845    0.584409    -0    -0    -0    -0.00217589    1.23462e-18    -0    -4.96297e+50    -0    -0    -0    -0    -0    -0    -0    -0    
-0    -0    -0    -0.579715    1.24281e+50    -0    -0    -0    0.00686351    -2.5727e+50    -0    -0    -0    0.00317265    -8.8875e+50    -0.0150144    -0.0970676    0.316095    0.089045    -7.76735e+50    -0    -0    -0    -0    -2.16455e+50    -0    -0    -0    1.00017    -0    -0    -0    -0    0.244853    1.92538e-17    -0    -0    -0    0.00317265    -0.518898    -0    -0    -5.77268e+50    -0    -0    -0    -0    -0    -0    -0    
-1.88107e-05    -0.00255844    -1.57989    0.544574    6.9739e+48    0.0261666    -0.224142    -0.23799    0.361863    1.24281e+50    0.269144    0.680445    -3.59011e-16    -0.23799    -3.86576e+49    0.09827    0.173316    0.089045    -1    -1.72105e+50    1    -0.404783    -0    -0.028941    3.3389e+50    -1.71121e-05    -0.00245295    -1.00017    -0    -0    -0.00171716    0.00447845    -0.244853    -0    2.22845e-16    -0.00294938    0.00217589    -0.00317265    -0    0    -0    -0    -0    -1.0433e+51    -0    -0    -0    -0    -0    -0.00830472    
0.0366475    -0.12214    1.24281e+50    6.9739e+48    -0.343951    -0.0160139    -0.00652076    -2.5727e+50    1.24281e+50    0.621442    -0.0220933    -0.0113157    -8.8875e+50    -3.86576e+49    0.460054    0.0140607    0.017383    -7.76735e+50    -1.72105e+50    -0.483431    0.0188634    -0.0261346    -2.16455e+50    3.3389e+50    -0.784269    1.61571    -980.855    -0    -0    -0    -2.44343e-16    -0.584409    -1.92538e-17    -2.22845e-16    -0    -0.321995    -1.23462e-18    0.518898    -0    -0    -0    -0    -0    -0    -2.4983e+51    -0    -0    -0    0.00830472    -0    
-0    -0    -0    -0    0.0048232    -0    -0    -0    -0    -0.326703    -0    -0    -0    0.241137    0.773967    -0    -0    -0    1    0.0188634    0.329373    0.079093    -0.0150144    -0    -0.00784818    -0    -0    -0    -0.119846    0.93997    -0    -0    -0    -0    -0.201998    -0    -0    -0    -0    -0.377494    -0    -0    -0    -0    -0    -5.41898e+49    -0    -0    -0    -0    
-0    -0    -0    2.7558e-18    -0.388691    -0    -0    -0    -1.92538e-17    -0.183028    -0    -0    -0    0.124305    -0.0622022    -0    -0    -0    -0.404783    -0.0261346    0.079093    0.276891    -0.0970676    0.526703    0.0218433    -0    -0    -0    1    -0.40812    -0    -0    -0    -0    0.0207236    -0    -0    -0    -0    0.00833381    -0    -0    -0    -0    -0    -0    -2.16048e+50    -0    -0    -0    
-0    -0    -0    0.0658748    -1.09377e+50    -0    -0    -0    -0.321995    2.34251e+48    -0    -0    -0    -2.30209e-17    1.02677e+50    -0    -0    -0    -0    -2.16455e+50    -0.0150144    -0.0970676    0.316095    -0.505886    -5.49445e+49    -0    -0    -0    -0    -0.0044069    -0    -0    -0    -0    -0.0322992    -0    -0    -0    -0    -0.0111589    -0    -0    -0    -0    -0    -0    -0    -2.97018e+50    -0    -0    
0.119846    -1    0.0658748    0.307532    -9.01975e+48    -0    -1.92538e-17    -0.321995    0.514468    3.91359e+49    0.241137    0.124305    -2.30209e-17    0.178191    3.34685e+50    1    -0.404783    -0    -0.028941    3.3389e+50    -0    0.526703    -0.505886    -0.0494077    -6.73505e+49    0.119846    -1    -0    -0    -0    -0    -0    -0    -0    0.909979    -0    -0    -0    -0    -0.518898    -0    -0    -0    -0    0.00830472    -0    -0    -0    -7.6305e+50    -0    
-0.935147    0.0194293    -1.09377e+50    -9.01975e+48    -0.185538    -0.124705    -0.203751    2.34251e+48    3.91359e+49    0.0202968    1.15146    -0.070536    1.02677e+50    3.34685e+50    -0.0301634    0.0188634    -0.0261346    -2.16455e+50    3.3389e+50    -0.784269    -0.00784818    0.0218433    -5.49445e+49    -6.73505e+49    -0.0480075    -0.93997    0.40812    0.0044069    -0    -0    0.201998    -0.0207236    0.0322992    -0.909979    -0    0.377494    -0.00833381    0.0111589    0.518898    -0    -0    -0    -0    -0.00830472    -0    -0    -0    -0    -0    -2.21805e+51    
