20.7405    0    0    0    0    0    0    0    0    -0.0133232    -0.46704    -0.102238    -0.0990702    -0.0131095    0.000490488    -0.00389008    0    0    -0.000627796    -0.0066616    
0    20.851    0    0    0    0    0    0    0.0133232    0    -0.102238    -0.46704    -0.0131095    -0.0990702    -0.00389008    0.000490488    0    0    0.0066616    0.000627796    
0    0    1.68732    0    0    0    0    0    0    -0.0884833    -0.0990702    -0.0131095    -0.350844    -0.0133878    0.00701132    -0.0316223    0    0    -0.00897408    -0.0442416    
0    0    0    1.79784    0    0    0    0    0.0884833    0    -0.0131095    -0.0990702    -0.0133878    -0.350844    -0.0316223    0.00701132    0    0    0.0442416    0.00897408    
0    0    0    0    1.02558    0    0    0    0    0.0506402    0.000490488    -0.00389008    0.00701132    -0.0316223    -0.405464    -0.0599044    0    0    -0.0216686    0.0253201    
0    0    0    0    0    1.1361    0    0    -0.0506402    0    -0.00389008    0.000490488    -0.0316223    0.00701132    -0.0599044    -0.405464    0    0    -0.0253201    0.0216686    
0    0    0    0    0    0    0.914146    0    0    0    0    0    0    0    0    0    -0.422393    -0.0828698    0    0    
0    0    0    0    0    0    0    1.02467    0    0    0    0    0    0    0    0    -0.0828698    -0.422393    0    0    
0    0.0133232    0    0.0884833    0    -0.0506402    0    0    0.865205    0    -0.000627796    0.0066616    -0.00897408    0.0442416    -0.0216686    -0.0253201    0    0    -0.394659    -0.108906    
-0.0133232    0    -0.0884833    0    0.0506402    0    0    0    0    0.975726    -0.0066616    0.000627796    -0.0442416    0.00897408    0.0253201    0.0216686    0    0    -0.108906    -0.394659    
0.46704    0.102238    0.0990702    0.0131095    -0.000490488    0.00389008    -0    -0    0.000627796    0.0066616    -20.7405    -0    -0    -0    -0    -0    -0    -0    -0    0.0133232    
0.102238    0.46704    0.0131095    0.0990702    0.00389008    -0.000490488    -0    -0    -0.0066616    -0.000627796    -0    -20.851    -0    -0    -0    -0    -0    -0    -0.0133232    -0    
0.0990702    0.0131095    0.350844    0.0133878    -0.00701132    0.0316223    -0    -0    0.00897408    0.0442416    -0    -0    -1.68732    -0    -0    -0    -0    -0    -0    0.0884833    
0.0131095    0.0990702    0.0133878    0.350844    0.0316223    -0.00701132    -0    -0    -0.0442416    -0.00897408    -0    -0    -0    -1.79784    -0    -0    -0    -0    -0.0884833    -0    
-0.000490488    0.00389008    -0.00701132    0.0316223    0.405464    0.0599044    -0    -0    0.0216686    -0.0253201    -0    -0    -0    -0    -1.02558    -0    -0    -0    -0    -0.0506402    
0.00389008    -0.000490488    0.0316223    -0.00701132    0.0599044    0.405464    -0    -0    0.0253201    -0.0216686    -0    -0    -0    -0    -0    -1.1361    -0    -0    0.0506402    -0    
-0    -0    -0    -0    -0    -0    0.422393    0.0828698    -0    -0    -0    -0    -0    -0    -0    -0    -0.914146    -0    -0    -0    
-0    -0    -0    -0    -0    -0    0.0828698    0.422393    -0    -0    -0    -0    -0    -0    -0    -0    -0    -1.02467    -0    -0    
0.000627796    -0.0066616    0.00897408    -0.0442416    0.0216686    0.0253201    -0    -0    0.394659    0.108906    -0    -0.0133232    -0    -0.0884833    -0    0.0506402    -0    -0    -0.865205    -0    
0.0066616    -0.000627796    0.0442416    -0.00897408    -0.0253201    -0.0216686    -0    -0    0.108906    0.394659    0.0133232    -0    0.0884833    -0    -0.0506402    -0    -0    -0    -0    -0.975726    
