1.81632e+34    0    0    0.140475    0    -0.0265743    0    0    0    0    0    0.537133    0    0.477464    0    -3.04699e+33    0.490525    9.62006e+32    0.41357    -2.49957e+32    4.58783e-05    3.79856e+33    -0.41352    -6.45241e+32    -0.215529    3.04699e+33    -0.215529    1.59279e+33    0.483783    -7.82241e+32    -1.15244    -2.19116e+33    
0    2.51933e+34    -0.140475    0    0.0265743    0    0    0    0    0    -0.537133    0    -0.477464    0    3.04699e+33    0    9.62006e+32    -1.09095    -2.49957e+32    0.381999    3.79856e+33    0.0625949    -6.45241e+32    0.0911888    3.04699e+33    0.780296    1.59279e+33    1.02559    -7.82241e+32    -0.112131    8.55831e+32    2.49957e+32    
0    -0.140475    1.12378e+34    0    0    0.136886    0    1.0202e-16    0    0.911475    0    -0.102423    0    -0.51052    0    5.01434e+32    0.41357    -2.49957e+32    -0.290497    -2.65461e+32    0.00884059    3.65236e+32    -0.297307    5.33026e+31    -0.347806    -6.91752e+32    -0.500251    1.57882e+32    -0.358902    3.65236e+32    -0.880193    -8.1834e+32    
0.140475    0    0    1.82678e+34    -0.136886    0    -1.0202e-16    0    -0.911475    0    0.102423    0    0.51052    0    -5.01434e+32    0    -2.49957e+32    0.381999    -2.65461e+32    -0.443576    3.65236e+32    1.72759    5.33026e+31    0.00623698    -6.91752e+32    0.108325    1.57882e+32    0.130521    3.65236e+32    -0.468358    -1.31977e+33    6.91752e+32    
0    0.0265743    0    -0.136886    8.02799e+33    0    0    0    0    0.272252    0    0.652431    0    1.0126    0    6.12964e+32    4.58783e-05    3.79856e+33    0.00884059    3.65236e+32    -0.478526    -8.88794e+32    0.236704    -4.66555e+32    -0.450884    3.79856e+33    0.450884    1.49017e+32    -0.798848    -8.26039e+32    -1.85627    -1.44115e+17    
-0.0265743    0    0.136886    0    0    1.50581e+34    0    0    -0.272252    0    -0.652431    0    -1.0126    0    -6.12964e+32    0    3.79856e+33    0.0625949    3.65236e+32    1.72759    -8.88794e+32    0.601935    -4.66555e+32    0.139918    3.79856e+33    -0.00905891    1.49017e+32    0.762024    -8.26039e+32    -0.111564    -6.12964e+32    7.82241e+32    
0    0    0    -1.0202e-16    0    0    7.30712e+33    0    0    0.013131    0    -0.073619    0    -1.0885    0    1.17603e+33    -0.41352    -6.45241e+32    -0.297307    5.33026e+31    0.236704    -4.66555e+32    1    -1.15839e+33    0.0228774    2.30789e+33    -5.75416e-18    1.11419e+33    -0.847555    1.49164e+33    -1.68332    3.73809e+32    
0    0    1.0202e-16    0    0    0    0    1.43372e+34    -0.013131    0    0.073619    0    1.0885    0    -1.17603e+33    0    -6.45241e+32    0.0911888    5.33026e+31    0.00623698    -4.66555e+32    0.139918    -1.15839e+33    -0.0275017    2.30789e+33    0.795321    1.11419e+33    -0.317415    1.49164e+33    -0.226585    -8.02226e+32    8.02226e+32    
0    0    0    -0.911475    0    -0.272252    0    -0.013131    5.89968e+33    0    0    -0.00276374    0    0.022242    0    -8.86225e+32    -0.215529    3.04699e+33    -0.347806    -6.91752e+32    -0.450884    3.79856e+33    0.0228774    2.30789e+33    0.0386338    -8.26039e+32    0    -3.57224e+32    -1.33134    -2.22111e+32    -1.66381e-17    -1.77502e+33    
0    0    0.911475    0    0.272252    0    0.013131    0    0    1.29297e+34    0.00276374    0    -0.022242    0    8.86225e+32    0    3.04699e+33    0.780296    -6.91752e+32    0.108325    3.79856e+33    -0.00905891    2.30789e+33    0.795321    -8.26039e+32    0.0597308    -3.57224e+32    -0.0938959    -2.22111e+32    1.09318    -8.88794e+32    -1.30875e+32    
0    -0.537133    0    0.102423    0    -0.652431    0    0.073619    0    0.00276374    3.73316e+33    0    0    6.93889e-18    0    1.82439e+32    -0.215529    1.59279e+33    -0.500251    1.57882e+32    0.450884    1.49017e+32    -5.75416e-18    1.11419e+33    0    -3.57224e+32    -0.963369    -5.01434e+32    -0.332594    9.71592e+33    -1.87324e-17    1.77523e+33    
0.537133    0    -0.102423    0    0.652431    0    -0.073619    0    -0.00276374    0    0    1.07632e+34    -6.93889e-18    0    -1.82439e+32    0    1.59279e+33    1.02559    1.57882e+32    0.130521    1.49017e+32    0.762024    1.11419e+33    -0.317415    -3.57224e+32    -0.0938959    -5.01434e+32    -0.0438361    9.71592e+33    -0.201852    1.59279e+33    -1.71812e+32    
0    -0.477464    0    0.51052    0    -1.0126    0    1.0885    0    -0.022242    0    -6.93889e-18    1.4322e+33    0    0    -2.6542e+33    0.483783    -7.82241e+32    -0.358902    3.65236e+32    -0.798848    -8.26039e+32    -0.847555    1.49164e+33    -1.33134    -2.22111e+32    -0.332594    9.71592e+33    -1.10695    3.26076e+33    0.272252    -2.87631e+33    
0.477464    0    -0.51052    0    1.0126    0    -1.0885    0    0.022242    0    6.93889e-18    0    0    8.46227e+33    2.6542e+33    0    -7.82241e+32    -0.112131    3.65236e+32    -0.468358    -8.26039e+32    -0.111564    1.49164e+33    -0.226585    -2.22111e+32    1.09318    9.71592e+33    -0.201852    3.26076e+33    0.0648486    -2.22111e+32    6.26083e+32    
0    3.04699e+33    0    -5.01434e+32    0    -6.12964e+32    0    -1.17603e+33    0    8.86225e+32    0    -1.82439e+32    0    2.6542e+33    6.26228e+32    0    -1.15244    8.55831e+32    -0.880193    -1.31977e+33    -1.85627    -6.12964e+32    -1.68332    -8.02226e+32    -1.66381e-17    -8.88794e+32    -1.87324e-17    1.59279e+33    0.272252    -2.22111e+32    -0.652594    6.54917e+32    
-3.04699e+33    0    5.01434e+32    0    6.12964e+32    0    1.17603e+33    0    -8.86225e+32    0    1.82439e+32    0    -2.6542e+33    0    0    7.65629e+33    -2.19116e+33    2.49957e+32    -8.1834e+32    6.91752e+32    -1.44115e+17    7.82241e+32    3.73809e+32    8.02226e+32    -1.77502e+33    -1.30875e+32    1.77523e+33    -1.71812e+32    -2.87631e+33    6.26083e+32    6.54917e+32    1.36061e+32    
-0.490525    -9.62006e+32    -0.41357    2.49957e+32    -4.58783e-05    -3.79856e+33    0.41352    6.45241e+32    0.215529    -3.04699e+33    0.215529    -1.59279e+33    -0.483783    7.82241e+32    1.15244    2.19116e+33    -1.81632e+34    -0    -0    -0.140475    -0    0.0265743    -0    -0    -0    -0    -0    -0.537133    -0    -0.477464    -0    3.04699e+33    
-9.62006e+32    1.09095    2.49957e+32    -0.381999    -3.79856e+33    -0.0625949    6.45241e+32    -0.0911888    -3.04699e+33    -0.780296    -1.59279e+33    -1.02559    7.82241e+32    0.112131    -8.55831e+32    -2.49957e+32    -0    -2.51933e+34    0.140475    -0    -0.0265743    -0    -0    -0    -0    -0    0.537133    -0    0.477464    -0    -3.04699e+33    -0    
-0.41357    2.49957e+32    0.290497    2.65461e+32    -0.00884059    -3.65236e+32    0.297307    -5.33026e+31    0.347806    6.91752e+32    0.500251    -1.57882e+32    0.358902    -3.65236e+32    0.880193    8.1834e+32    -0    0.140475    -1.12378e+34    -0    -0    -0.136886    -0    -1.0202e-16    -0    -0.911475    -0    0.102423    -0    0.51052    -0    -5.01434e+32    
2.49957e+32    -0.381999    2.65461e+32    0.443576    -3.65236e+32    -1.72759    -5.33026e+31    -0.00623698    6.91752e+32    -0.108325    -1.57882e+32    -0.130521    -3.65236e+32    0.468358    1.31977e+33    -6.91752e+32    -0.140475    -0    -0    -1.82678e+34    0.136886    -0    1.0202e-16    -0    0.911475    -0    -0.102423    -0    -0.51052    -0    5.01434e+32    -0    
-4.58783e-05    -3.79856e+33    -0.00884059    -3.65236e+32    0.478526    8.88794e+32    -0.236704    4.66555e+32    0.450884    -3.79856e+33    -0.450884    -1.49017e+32    0.798848    8.26039e+32    1.85627    1.44115e+17    -0    -0.0265743    -0    0.136886    -8.02799e+33    -0    -0    -0    -0    -0.272252    -0    -0.652431    -0    -1.0126    -0    -6.12964e+32    
-3.79856e+33    -0.0625949    -3.65236e+32    -1.72759    8.88794e+32    -0.601935    4.66555e+32    -0.139918    -3.79856e+33    0.00905891    -1.49017e+32    -0.762024    8.26039e+32    0.111564    6.12964e+32    -7.82241e+32    0.0265743    -0    -0.136886    -0    -0    -1.50581e+34    -0    -0    0.272252    -0    0.652431    -0    1.0126    -0    6.12964e+32    -0    
0.41352    6.45241e+32    0.297307    -5.33026e+31    -0.236704    4.66555e+32    -1    1.15839e+33    -0.0228774    -2.30789e+33    5.75416e-18    -1.11419e+33    0.847555    -1.49164e+33    1.68332    -3.73809e+32    -0    -0    -0    1.0202e-16    -0    -0    -7.30712e+33    -0    -0    -0.013131    -0    0.073619    -0    1.0885    -0    -1.17603e+33    
6.45241e+32    -0.0911888    -5.33026e+31    -0.00623698    4.66555e+32    -0.139918    1.15839e+33    0.0275017    -2.30789e+33    -0.795321    -1.11419e+33    0.317415    -1.49164e+33    0.226585    8.02226e+32    -8.02226e+32    -0    -0    -1.0202e-16    -0    -0    -0    -0    -1.43372e+34    0.013131    -0    -0.073619    -0    -1.0885    -0    1.17603e+33    -0    
0.215529    -3.04699e+33    0.347806    6.91752e+32    0.450884    -3.79856e+33    -0.0228774    -2.30789e+33    -0.0386338    8.26039e+32    -0    3.57224e+32    1.33134    2.22111e+32    1.66381e-17    1.77502e+33    -0    -0    -0    0.911475    -0    0.272252    -0    0.013131    -5.89968e+33    -0    -0    0.00276374    -0    -0.022242    -0    8.86225e+32    
-3.04699e+33    -0.780296    6.91752e+32    -0.108325    -3.79856e+33    0.00905891    -2.30789e+33    -0.795321    8.26039e+32    -0.0597308    3.57224e+32    0.0938959    2.22111e+32    -1.09318    8.88794e+32    1.30875e+32    -0    -0    -0.911475    -0    -0.272252    -0    -0.013131    -0    -0    -1.29297e+34    -0.00276374    -0    0.022242    -0    -8.86225e+32    -0    
0.215529    -1.59279e+33    0.500251    -1.57882e+32    -0.450884    -1.49017e+32    5.75416e-18    -1.11419e+33    -0    3.57224e+32    0.963369    5.01434e+32    0.332594    -9.71592e+33    1.87324e-17    -1.77523e+33    -0    0.537133    -0    -0.102423    -0    0.652431    -0    -0.073619    -0    -0.00276374    -3.73316e+33    -0    -0    -6.93889e-18    -0    -1.82439e+32    
-1.59279e+33    -1.02559    -1.57882e+32    -0.130521    -1.49017e+32    -0.762024    -1.11419e+33    0.317415    3.57224e+32    0.0938959    5.01434e+32    0.0438361    -9.71592e+33    0.201852    -1.59279e+33    1.71812e+32    -0.537133    -0    0.102423    -0    -0.652431    -0    0.073619    -0    0.00276374    -0    -0    -1.07632e+34    6.93889e-18    -0    1.82439e+32    -0    
-0.483783    7.82241e+32    0.358902    -3.65236e+32    0.798848    8.26039e+32    0.847555    -1.49164e+33    1.33134    2.22111e+32    0.332594    -9.71592e+33    1.10695    -3.26076e+33    -0.272252    2.87631e+33    -0    0.477464    -0    -0.51052    -0    1.0126    -0    -1.0885    -0    0.022242    -0    6.93889e-18    -1.4322e+33    -0    -0    2.6542e+33    
7.82241e+32    0.112131    -3.65236e+32    0.468358    8.26039e+32    0.111564    -1.49164e+33    0.226585    2.22111e+32    -1.09318    -9.71592e+33    0.201852    -3.26076e+33    -0.0648486    2.22111e+32    -6.26083e+32    -0.477464    -0    0.51052    -0    -1.0126    -0    1.0885    -0    -0.022242    -0    -6.93889e-18    -0    -0    -8.46227e+33    -2.6542e+33    -0    
1.15244    -8.55831e+32    0.880193    1.31977e+33    1.85627    6.12964e+32    1.68332    8.02226e+32    1.66381e-17    8.88794e+32    1.87324e-17    -1.59279e+33    -0.272252    2.22111e+32    0.652594    -6.54917e+32    -0    -3.04699e+33    -0    5.01434e+32    -0    6.12964e+32    -0    1.17603e+33    -0    -8.86225e+32    -0    1.82439e+32    -0    -2.6542e+33    -6.26228e+32    -0    
2.19116e+33    -2.49957e+32    8.1834e+32    -6.91752e+32    1.44115e+17    -7.82241e+32    -3.73809e+32    -8.02226e+32    1.77502e+33    1.30875e+32    -1.77523e+33    1.71812e+32    2.87631e+33    -6.26083e+32    -6.54917e+32    -1.36061e+32    3.04699e+33    -0    -5.01434e+32    -0    -6.12964e+32    -0    -1.17603e+33    -0    8.86225e+32    -0    -1.82439e+32    -0    2.6542e+33    -0    -0    -7.65629e+33    
