1.48943e+51    0    0    0    0    0.695561    0    0    -2.17027e-15    0    1.00054    0    0    0    -0.0122159    0    0    0.355894    0    6.77918e-17    -0.023296    -0.510098    -0.260627    -1.9164e+49    -0.103124    -0.104846    1.31525e+50    0.00485287    0    -3.36425e+49    0    1.26426    -2.92418e+50    0    0.351445    1.31525e+50    0.00105117    -0.219982    -2.70093e+50    -0.0148702    -0.558645    -6.27541e+49    
0    1.58741e+51    0    0    0    0.0795355    0    0    -0.128197    -1.00054    0    0    0    0    0.662728    0    0    0.329455    -6.77918e-17    0    -0.370141    -0.260627    4.02591e-05    5.70198e+49    -0.104846    0.000289056    7.56767e+49    0    -0.12696    1.04211e+51    0.263712    1.95534e-17    1.84197e+50    0.351445    -0.204356    -7.32376e+49    -0.219982    -0.218418    1.57641e+50    -0.558645    -0.128197    1.67975e+50    
0    0    2.68735e+51    -0.695561    -0.0795355    0    2.17027e-15    0.128197    0    0    -0    0    0.0122159    -0.662728    0    -0.355894    -0.329455    0    0.023296    0.370141    0    -1.9164e+49    5.70198e+49    -0.961861    1.31525e+50    7.56767e+49    0.513096    -3.36425e+49    1.04211e+51    0.011393    -2.92418e+50    1.84197e+50    0.107818    1.31525e+50    -7.32376e+49    0.0610747    -2.70093e+50    1.57641e+50    1.00056    -6.27541e+49    1.67975e+50    -0.114226    
0    0    -0.695561    1.32657e+51    0    0    0    0    -7.57924e-16    0    0.261869    7.41829e-18    0    0    0.636761    0    0    -0.107553    0    3.14273e-17    0.0612932    -0.103124    -0.104846    1.31525e+50    -0.353374    -7.06069e-16    1.12078e+50    -0.0250545    0.301632    -1.53409e+50    0    0.248362    1.20985e+50    0    0.509801    1.3708e+50    -0.0368799    0.445182    -4.68733e+49    -0.209443    8.31099e-16    -2.04176e+50    
0    0    -0.0795355    0    1.42454e+51    0    0    0    -0.127261    -0.261869    0    0.695561    0    0    0.894577    0    0    -0.0992825    -3.14273e-17    0    -0.0185549    -0.104846    0.000289056    7.56767e+49    -7.06069e-16    0.0183756    6.64916e+49    0.301632    0.719804    1.82323e+49    -0.0135069    1.33568e-17    -2.92418e+50    0.509801    -0.23725    -9.29159e+49    0.445182    -0.559929    1.1877e+49    7.99672e-16    -0.866066    1.82323e+49    
0.695561    0.0795355    0    0    0    2.52449e+51    7.57924e-16    0.127261    0    -7.41829e-18    -0.695561    0    -0.636761    -0.894577    0    0.107553    0.0992825    0    -0.0612932    0.0185549    0    1.31525e+50    7.56767e+49    0.513096    1.12078e+50    6.64916e+49    0.346497    -1.53409e+50    1.82323e+49    2.16979    1.20985e+50    -2.92418e+50    0.0396821    1.3708e+50    -9.29159e+49    0.161968    -4.68733e+49    1.1877e+49    -0.227985    -2.04176e+50    1.82323e+49    -0.602827    
0    0    2.17027e-15    0    0    7.57924e-16    1.08155e+51    0    0    0    0.0157463    -0.695561    0    0    -0.188374    0    0.249581    -0.0352113    0    0.695389    -0.0592693    0.00485287    0    -3.36425e+49    -0.0250545    0.301632    -1.53409e+50    -0.379849    -0.0859793    5.66637e+49    0    3.97157e-16    2.26262e+50    0    2.17027e-15    -6.27541e+49    -0.0655275    0.249581    -5.4723e+49    -0.276338    0.695389    3.52345e+49    
0    0    0.128197    0    0    0.127261    0    1.17953e+51    0    -0.0157463    0    0    0    0    0    -0.249581    0    -0.1451    -0.695389    0    1.71572    0    -0.12696    1.04211e+51    0.301632    0.719804    1.82323e+49    -0.0859793    0.0331282    -2.72392e+50    -0.0157463    0.121102    -4.68733e+49    2.17027e-15    -0.465128    1.04211e+51    1.00803e-15    0.379022    1.20985e+50    0    -0.225509    -4.42522e+48    
-2.17027e-15    -0.128197    0    -7.57924e-16    -0.127261    0    0    0    2.27948e+51    0.695561    -0    0    0.188374    0    0    0.0352113    0.1451    0    0.0592693    -1.71572    0    -3.36425e+49    1.04211e+51    0.011393    -1.53409e+50    1.82323e+49    2.16979    5.66637e+49    -2.72392e+50    0.990191    2.26262e+50    -4.68733e+49    -0.0196239    -6.27541e+49    1.04211e+51    -0.126709    -5.4723e+49    1.20985e+50    0.0269044    3.52345e+49    -4.42522e+48    -0.120396    
0    -1.00054    0    0    -0.261869    -7.41829e-18    0    -0.0157463    0.695561    5.33161e+50    0    0    0    0    0    0    -5.92901e-06    -0.0587985    0    0.080623    0.0113423    0    0.263712    -2.92418e+50    0    -0.0135069    1.20985e+50    0    -0.0157463    2.26262e+50    -0.420291    -0.669615    4.26139e+50    0    0    1.03128e+50    0    1.46339e-16    -3.2052e+50    0    0.66348    4.33587e+49    
1.00054    0    -0    0.261869    0    -0.695561    0.0157463    0    -0    0    6.31138e+50    0    0    0    0.0331212    5.92901e-06    0    -0.134216    -0.080623    0    -1.08089    1.26426    1.95534e-17    1.84197e+50    0.248362    1.33568e-17    -2.92418e+50    3.97157e-16    0.121102    -4.68733e+49    -0.669615    1.69556    2.68858e+50    0    0.0446539    -3.86941e+50    5.92901e-06    9.27646e-18    -5.4723e+49    0.582857    -1.10173    -1.53969e+50    
0    0    0    7.41829e-18    0.695561    0    -0.695561    0    0    0    0    1.73108e+51    0    -0.0331212    0    0.0587985    0.134216    0    -0.0113423    1.08089    0    -2.92418e+50    1.84197e+50    0.107818    1.20985e+50    -2.92418e+50    0.0396821    2.26262e+50    -4.68733e+49    -0.0196239    4.26139e+50    2.68858e+50    0.00308611    1.03128e+50    -3.86941e+50    0.642727    -3.2052e+50    -5.4723e+49    -0.183981    4.33587e+49    -1.53969e+50    -0.729319    
0    0    0.0122159    0    0    -0.636761    0    0    0.188374    0    0    0    4.19178e+50    0    0    0    0    0.0141792    0    -5.24915e-16    -0.00607973    0    0.351445    1.31525e+50    0    0.509801    1.3708e+50    0    2.17027e-15    -6.27541e+49    0    0    1.03128e+50    -0.420291    0.632312    3.16432e+49    0    -0.50531    2.52402e+49    0    0.434586    -3.64276e+50    
0    0    -0.662728    0    0    -0.894577    0    0    0    0    0    -0.0331212    0    5.17155e+50    0    0    0    0.00279495    5.24915e-16    0    0.051257    0.351445    -0.204356    -7.32376e+49    0.509801    -0.23725    -9.29159e+49    2.17027e-15    -0.465128    1.04211e+51    0    0.0446539    -3.86941e+50    0.632312    0.0759494    -4.42522e+48    -0.50531    0    -1.11203e+50    0.434586    -0.797038    -2.25477e+50    
-0.0122159    0.662728    0    0.636761    0.894577    0    -0.188374    0    0    0    0.0331212    0    0    0    1.6171e+51    -0.0141792    -0.00279495    0    0.00607973    -0.051257    0    1.31525e+50    -7.32376e+49    0.0610747    1.3708e+50    -9.29159e+49    0.161968    -6.27541e+49    1.04211e+51    -0.126709    1.03128e+50    -3.86941e+50    0.642727    3.16432e+49    -4.42522e+48    0.16778    2.52402e+49    -1.11203e+50    0.214854    -3.64276e+50    -2.25477e+50    1.03729    
0    0    -0.355894    0    0    0.107553    0    -0.249581    0.0352113    0    5.92901e-06    0.0587985    0    0    -0.0141792    3.09796e+50    0    0    0    5.08001e-16    -1.15438    0.00105117    -0.219982    -2.70093e+50    -0.0368799    0.445182    -4.68733e+49    -0.0655275    1.00803e-15    -5.4723e+49    0    5.92901e-06    -3.2052e+50    0    -0.50531    2.52402e+49    -1.09134    -0.225397    1.12078e+50    -0.218875    -0.381894    2.68858e+50    
0    0    -0.329455    0    0    0.0992825    0.249581    0    0.1451    -5.92901e-06    0    0.134216    0    0    -0.00279495    0    4.07772e+50    0    -5.08001e-16    0    0.00152795    -0.219982    -0.218418    1.57641e+50    0.445182    -0.559929    1.1877e+49    0.249581    0.379022    1.20985e+50    1.46339e-16    9.27646e-18    -5.4723e+49    -0.50531    0    -1.11203e+50    -0.225397    -0.866233    -1.93239e+49    -0.381894    -0.851525    1.33756e+50    
0.355894    0.329455    0    -0.107553    -0.0992825    0    -0.0352113    -0.1451    0    -0.0587985    -0.134216    0    0.0141792    0.00279495    0    0    0    1.50772e+51    1.15438    -0.00152795    0    -2.70093e+50    1.57641e+50    1.00056    -4.68733e+49    1.1877e+49    -0.227985    -5.4723e+49    1.20985e+50    0.0269044    -3.2052e+50    -5.4723e+49    -0.183981    2.52402e+49    -1.11203e+50    0.214854    1.12078e+50    -1.93239e+49    0.0850108    2.68858e+50    1.33756e+50    0.119735    
0    -6.77918e-17    0.023296    0    -3.14273e-17    -0.0612932    0    -0.695389    0.0592693    0    -0.080623    -0.0113423    0    5.24915e-16    0.00607973    0    -5.08001e-16    1.15438    9.77148e+49    0    0    -0.0148702    -0.558645    -6.27541e+49    -0.209443    7.99672e-16    -2.04176e+50    -0.276338    0    3.52345e+49    0    0.582857    4.33587e+49    0    0.434586    -3.64276e+50    -0.218875    -0.381894    2.68858e+50    -0.636504    9.00062e-16    -1.11203e+50    
6.77918e-17    0    0.370141    3.14273e-17    0    0.0185549    0.695389    0    -1.71572    0.080623    0    1.08089    -5.24915e-16    0    -0.051257    5.08001e-16    0    -0.00152795    0    1.95691e+50    0    -0.558645    -0.128197    1.67975e+50    8.31099e-16    -0.866066    1.82323e+49    0.695389    -0.225509    -4.42522e+48    0.66348    -1.10173    -1.53969e+50    0.434586    -0.797038    -2.25477e+50    -0.381894    -0.851525    1.33756e+50    9.00062e-16    -1.34607    2.26262e+50    
-0.023296    -0.370141    0    0.0612932    -0.0185549    0    -0.0592693    1.71572    0    0.0113423    -1.08089    0    -0.00607973    0.051257    0    -1.15438    0.00152795    0    0    0    1.29564e+51    -6.27541e+49    1.67975e+50    -0.114226    -2.04176e+50    1.82323e+49    -0.602827    3.52345e+49    -4.42522e+48    -0.120396    4.33587e+49    -1.53969e+50    -0.729319    -3.64276e+50    -2.25477e+50    1.03729    2.68858e+50    1.33756e+50    0.119735    -1.11203e+50    2.26262e+50    0.120792    
0.510098    0.260627    1.9164e+49    0.103124    0.104846    -1.31525e+50    -0.00485287    -0    3.36425e+49    -0    -1.26426    2.92418e+50    -0    -0.351445    -1.31525e+50    -0.00105117    0.219982    2.70093e+50    0.0148702    0.558645    6.27541e+49    -1.48943e+51    -0    -0    -0    -0    -0.695561    -0    -0    2.17027e-15    -0    -1.00054    -0    -0    -0    0.0122159    -0    -0    -0.355894    -0    -6.77918e-17    0.023296    
0.260627    -4.02591e-05    -5.70198e+49    0.104846    -0.000289056    -7.56767e+49    -0    0.12696    -1.04211e+51    -0.263712    -1.95534e-17    -1.84197e+50    -0.351445    0.204356    7.32376e+49    0.219982    0.218418    -1.57641e+50    0.558645    0.128197    -1.67975e+50    -0    -1.58741e+51    -0    -0    -0    -0.0795355    -0    -0    0.128197    1.00054    -0    -0    -0    -0    -0.662728    -0    -0    -0.329455    6.77918e-17    -0    0.370141    
1.9164e+49    -5.70198e+49    0.961861    -1.31525e+50    -7.56767e+49    -0.513096    3.36425e+49    -1.04211e+51    -0.011393    2.92418e+50    -1.84197e+50    -0.107818    -1.31525e+50    7.32376e+49    -0.0610747    2.70093e+50    -1.57641e+50    -1.00056    6.27541e+49    -1.67975e+50    0.114226    -0    -0    -2.68735e+51    0.695561    0.0795355    -0    -2.17027e-15    -0.128197    -0    -0    0    -0    -0.0122159    0.662728    -0    0.355894    0.329455    -0    -0.023296    -0.370141    -0    
0.103124    0.104846    -1.31525e+50    0.353374    7.06069e-16    -1.12078e+50    0.0250545    -0.301632    1.53409e+50    -0    -0.248362    -1.20985e+50    -0    -0.509801    -1.3708e+50    0.0368799    -0.445182    4.68733e+49    0.209443    -8.31099e-16    2.04176e+50    -0    -0    0.695561    -1.32657e+51    -0    -0    -0    -0    7.57924e-16    -0    -0.261869    -7.41829e-18    -0    -0    -0.636761    -0    -0    0.107553    -0    -3.14273e-17    -0.0612932    
0.104846    -0.000289056    -7.56767e+49    7.06069e-16    -0.0183756    -6.64916e+49    -0.301632    -0.719804    -1.82323e+49    0.0135069    -1.33568e-17    2.92418e+50    -0.509801    0.23725    9.29159e+49    -0.445182    0.559929    -1.1877e+49    -7.99672e-16    0.866066    -1.82323e+49    -0    -0    0.0795355    -0    -1.42454e+51    -0    -0    -0    0.127261    0.261869    -0    -0.695561    -0    -0    -0.894577    -0    -0    0.0992825    3.14273e-17    -0    0.0185549    
-1.31525e+50    -7.56767e+49    -0.513096    -1.12078e+50    -6.64916e+49    -0.346497    1.53409e+50    -1.82323e+49    -2.16979    -1.20985e+50    2.92418e+50    -0.0396821    -1.3708e+50    9.29159e+49    -0.161968    4.68733e+49    -1.1877e+49    0.227985    2.04176e+50    -1.82323e+49    0.602827    -0.695561    -0.0795355    -0    -0    -0    -2.52449e+51    -7.57924e-16    -0.127261    -0    7.41829e-18    0.695561    -0    0.636761    0.894577    -0    -0.107553    -0.0992825    -0    0.0612932    -0.0185549    -0    
-0.00485287    -0    3.36425e+49    0.0250545    -0.301632    1.53409e+50    0.379849    0.0859793    -5.66637e+49    -0    -3.97157e-16    -2.26262e+50    -0    -2.17027e-15    6.27541e+49    0.0655275    -0.249581    5.4723e+49    0.276338    -0.695389    -3.52345e+49    -0    -0    -2.17027e-15    -0    -0    -7.57924e-16    -1.08155e+51    -0    -0    -0    -0.0157463    0.695561    -0    -0    0.188374    -0    -0.249581    0.0352113    -0    -0.695389    0.0592693    
-0    0.12696    -1.04211e+51    -0.301632    -0.719804    -1.82323e+49    0.0859793    -0.0331282    2.72392e+50    0.0157463    -0.121102    4.68733e+49    -2.17027e-15    0.465128    -1.04211e+51    -1.00803e-15    -0.379022    -1.20985e+50    -0    0.225509    4.42522e+48    -0    -0    -0.128197    -0    -0    -0.127261    -0    -1.17953e+51    -0    0.0157463    -0    -0    -0    -0    -0    0.249581    -0    0.1451    0.695389    -0    -1.71572    
3.36425e+49    -1.04211e+51    -0.011393    1.53409e+50    -1.82323e+49    -2.16979    -5.66637e+49    2.72392e+50    -0.990191    -2.26262e+50    4.68733e+49    0.0196239    6.27541e+49    -1.04211e+51    0.126709    5.4723e+49    -1.20985e+50    -0.0269044    -3.52345e+49    4.42522e+48    0.120396    2.17027e-15    0.128197    -0    7.57924e-16    0.127261    -0    -0    -0    -2.27948e+51    -0.695561    0    -0    -0.188374    -0    -0    -0.0352113    -0.1451    -0    -0.0592693    1.71572    -0    
-0    -0.263712    2.92418e+50    -0    0.0135069    -1.20985e+50    -0    0.0157463    -2.26262e+50    0.420291    0.669615    -4.26139e+50    -0    -0    -1.03128e+50    -0    -1.46339e-16    3.2052e+50    -0    -0.66348    -4.33587e+49    -0    1.00054    -0    -0    0.261869    7.41829e-18    -0    0.0157463    -0.695561    -5.33161e+50    -0    -0    -0    -0    -0    -0    5.92901e-06    0.0587985    -0    -0.080623    -0.0113423    
-1.26426    -1.95534e-17    -1.84197e+50    -0.248362    -1.33568e-17    2.92418e+50    -3.97157e-16    -0.121102    4.68733e+49    0.669615    -1.69556    -2.68858e+50    -0    -0.0446539    3.86941e+50    -5.92901e-06    -9.27646e-18    5.4723e+49    -0.582857    1.10173    1.53969e+50    -1.00054    -0    0    -0.261869    -0    0.695561    -0.0157463    -0    0    -0    -6.31138e+50    -0    -0    -0    -0.0331212    -5.92901e-06    -0    0.134216    0.080623    -0    1.08089    
2.92418e+50    -1.84197e+50    -0.107818    -1.20985e+50    2.92418e+50    -0.0396821    -2.26262e+50    4.68733e+49    0.0196239    -4.26139e+50    -2.68858e+50    -0.00308611    -1.03128e+50    3.86941e+50    -0.642727    3.2052e+50    5.4723e+49    0.183981    -4.33587e+49    1.53969e+50    0.729319    -0    -0    -0    -7.41829e-18    -0.695561    -0    0.695561    -0    -0    -0    -0    -1.73108e+51    -0    0.0331212    -0    -0.0587985    -0.134216    -0    0.0113423    -1.08089    -0    
-0    -0.351445    -1.31525e+50    -0    -0.509801    -1.3708e+50    -0    -2.17027e-15    6.27541e+49    -0    -0    -1.03128e+50    0.420291    -0.632312    -3.16432e+49    -0    0.50531    -2.52402e+49    -0    -0.434586    3.64276e+50    -0    -0    -0.0122159    -0    -0    0.636761    -0    -0    -0.188374    -0    -0    -0    -4.19178e+50    -0    -0    -0    -0    -0.0141792    -0    5.24915e-16    0.00607973    
-0.351445    0.204356    7.32376e+49    -0.509801    0.23725    9.29159e+49    -2.17027e-15    0.465128    -1.04211e+51    -0    -0.0446539    3.86941e+50    -0.632312    -0.0759494    4.42522e+48    0.50531    -0    1.11203e+50    -0.434586    0.797038    2.25477e+50    -0    -0    0.662728    -0    -0    0.894577    -0    -0    -0    -0    -0    0.0331212    -0    -5.17155e+50    -0    -0    -0    -0.00279495    -5.24915e-16    -0    -0.051257    
-1.31525e+50    7.32376e+49    -0.0610747    -1.3708e+50    9.29159e+49    -0.161968    6.27541e+49    -1.04211e+51    0.126709    -1.03128e+50    3.86941e+50    -0.642727    -3.16432e+49    4.42522e+48    -0.16778    -2.52402e+49    1.11203e+50    -0.214854    3.64276e+50    2.25477e+50    -1.03729    0.0122159    -0.662728    -0    -0.636761    -0.894577    -0    0.188374    -0    -0    -0    -0.0331212    -0    -0    -0    -1.6171e+51    0.0141792    0.00279495    -0    -0.00607973    0.051257    -0    
-0.00105117    0.219982    2.70093e+50    0.0368799    -0.445182    4.68733e+49    0.0655275    -1.00803e-15    5.4723e+49    -0    -5.92901e-06    3.2052e+50    -0    0.50531    -2.52402e+49    1.09134    0.225397    -1.12078e+50    0.218875    0.381894    -2.68858e+50    -0    -0    0.355894    -0    -0    -0.107553    -0    0.249581    -0.0352113    -0    -5.92901e-06    -0.0587985    -0    -0    0.0141792    -3.09796e+50    -0    -0    -0    -5.08001e-16    1.15438    
0.219982    0.218418    -1.57641e+50    -0.445182    0.559929    -1.1877e+49    -0.249581    -0.379022    -1.20985e+50    -1.46339e-16    -9.27646e-18    5.4723e+49    0.50531    -0    1.11203e+50    0.225397    0.866233    1.93239e+49    0.381894    0.851525    -1.33756e+50    -0    -0    0.329455    -0    -0    -0.0992825    -0.249581    -0    -0.1451    5.92901e-06    -0    -0.134216    -0    -0    0.00279495    -0    -4.07772e+50    -0    5.08001e-16    -0    -0.00152795    
2.70093e+50    -1.57641e+50    -1.00056    4.68733e+49    -1.1877e+49    0.227985    5.4723e+49    -1.20985e+50    -0.0269044    3.2052e+50    5.4723e+49    0.183981    -2.52402e+49    1.11203e+50    -0.214854    -1.12078e+50    1.93239e+49    -0.0850108    -2.68858e+50    -1.33756e+50    -0.119735    -0.355894    -0.329455    -0    0.107553    0.0992825    -0    0.0352113    0.1451    -0    0.0587985    0.134216    -0    -0.0141792    -0.00279495    -0    -0    -0    -1.50772e+51    -1.15438    0.00152795    -0    
0.0148702    0.558645    6.27541e+49    0.209443    -7.99672e-16    2.04176e+50    0.276338    -0    -3.52345e+49    -0    -0.582857    -4.33587e+49    -0    -0.434586    3.64276e+50    0.218875    0.381894    -2.68858e+50    0.636504    -9.00062e-16    1.11203e+50    -0    6.77918e-17    -0.023296    -0    3.14273e-17    0.0612932    -0    0.695389    -0.0592693    -0    0.080623    0.0113423    -0    -5.24915e-16    -0.00607973    -0    5.08001e-16    -1.15438    -9.77148e+49    -0    -0    
0.558645    0.128197    -1.67975e+50    -8.31099e-16    0.866066    -1.82323e+49    -0.695389    0.225509    4.42522e+48    -0.66348    1.10173    1.53969e+50    -0.434586    0.797038    2.25477e+50    0.381894    0.851525    -1.33756e+50    -9.00062e-16    1.34607    -2.26262e+50    -6.77918e-17    -0    -0.370141    -3.14273e-17    -0    -0.0185549    -0.695389    -0    1.71572    -0.080623    -0    -1.08089    5.24915e-16    -0    0.051257    -5.08001e-16    -0    0.00152795    -0    -1.95691e+50    -0    
6.27541e+49    -1.67975e+50    0.114226    2.04176e+50    -1.82323e+49    0.602827    -3.52345e+49    4.42522e+48    0.120396    -4.33587e+49    1.53969e+50    0.729319    3.64276e+50    2.25477e+50    -1.03729    -2.68858e+50    -1.33756e+50    -0.119735    1.11203e+50    -2.26262e+50    -0.120792    0.023296    0.370141    -0    -0.0612932    0.0185549    -0    0.0592693    -1.71572    -0    -0.0113423    1.08089    -0    0.00607973    -0.051257    -0    1.15438    -0.00152795    -0    -0    -0    -1.29564e+51    
